RequestID	OriginPort	DestinationPort	EarliestDepartureTime	LatestArrivalTime	Demand	PenaltyCost
1	A3	A1	1	15	86.0	981.0
2	A4	A9	1	15	81.0	1600.0
3	A6	A5	1	15	79.0	1166.0
4	A7	A4	1	15	69.0	2469.0
5	A9	A6	1	15	93.0	2382.0
6	D1	D3	1	15	63.0	564.0
7	D5	D1	1	15	57.0	511.0
8	E1	E2	1	15	40.0	982.0
9	E2	E3	1	15	32.0	812.0
10	A2	A1	1	16	70.0	2052.0
11	A4	A6	1	16	99.0	1474.0
12	A8	A2	1	16	87.0	1966.0
13	D1	D2	1	16	90.0	919.0
14	D2	D3	1	16	76.0	949.0
15	D5	D3	1	16	56.0	541.0
16	E1	E3	1	16	49.0	861.0
17	A2	A10	1	17	85.0	786.0
18	A4	A5	1	17	73.0	508.0
19	A5	A2	1	17	53.0	1196.0
20	A7	A6	1	17	66.0	2218.0
21	A8	A11	1	17	98.0	2231.0
22	A1	A2	1	18	80.0	857.0
23	A7	A5	1	18	60.0	2208.0
24	A8	A1	1	18	50.0	1884.0
25	A11	A8	1	18	88.0	1925.0
26	A3	A2	1	19	60.0	2066.0
27	A5	A1	1	19	97.0	528.0
28	A7	A9	1	19	69.0	2207.0
29	A6	A2	1	20	89.0	2486.0
30	A9	A5	1	20	94.0	840.0
31	A10	A3	1	20	98.0	1948.0
32	E3	D1	1	20	335.0	902.0
33	A1	A10	1	21	72.0	1424.0
34	A10	A1	1	21	92.0	1503.0
35	E2	D1	1	21	398.0	984.0
36	A3	A10	1	22	67.0	594.0
37	A6	A1	1	22	53.0	558.0
38	A8	A10	1	22	74.0	2443.0
39	E1	D1	1	22	397.0	883.0
40	E3	D2	1	22	300.0	627.0
41	E3	D3	1	22	261.0	924.0
42	A3	A1	8	22	52.0	520.0
43	A4	A9	8	22	67.0	673.0
44	A6	A5	8	22	92.0	507.0
45	A7	A4	8	22	65.0	1563.0
46	A9	A6	8	22	95.0	1054.0
47	D1	D3	8	22	93.0	804.0
48	D5	D1	8	22	95.0	522.0
49	E1	E2	8	22	42.0	748.0
50	E2	E3	8	22	40.0	760.0
51	A2	A3	1	23	68.0	1455.0
52	A5	A10	1	23	85.0	1145.0
53	D5	D2	1	23	50.0	850.0
54	E2	D2	1	23	349.0	803.0
55	E2	D3	1	23	247.0	694.0
56	A2	A1	8	23	95.0	834.0
57	A4	A6	8	23	50.0	1029.0
58	A8	A2	8	23	94.0	1095.0
59	D1	D2	8	23	71.0	843.0
60	D2	D3	8	23	70.0	676.0
61	D5	D3	8	23	83.0	870.0
62	E1	E3	8	23	47.0	789.0
63	A4	A2	1	24	75.0	1123.0
64	A11	A2	1	24	77.0	2446.0
65	D3	B6	1	24	422.0	7013.0
66	E1	D2	1	24	337.0	815.0
67	E1	D3	1	24	363.0	870.0
68	A2	A10	8	24	81.0	1129.0
69	A4	A5	8	24	87.0	880.0
70	A5	A2	8	24	56.0	1926.0
71	A7	A6	8	24	96.0	1122.0
72	A8	A11	8	24	76.0	857.0
73	A1	B4	1	25	622.0	2841.0
74	A7	A2	1	25	68.0	1684.0
75	A10	A2	1	25	97.0	1568.0
76	D1	B6	1	25	342.0	7166.0
77	A1	A2	8	25	62.0	1971.0
78	A7	A5	8	25	54.0	1029.0
79	A8	A1	8	25	59.0	1095.0
80	A11	A8	8	25	87.0	593.0
81	B4	B5	8	25	31.0	946.0
82	C3	C2	8	25	40.0	542.0
83	A1	B2	1	26	706.0	2536.0
84	A4	A1	1	26	58.0	2266.0
85	A6	A10	1	26	67.0	2471.0
86	A6	C3	1	26	615.0	3302.0
87	A11	A1	1	26	63.0	1526.0
88	D2	D4	1	26	97.0	608.0
89	D5	B6	1	26	481.0	7009.0
90	A3	A2	8	26	63.0	1837.0
91	A5	A1	8	26	64.0	627.0
92	A7	A9	8	26	61.0	780.0
93	A1	A3	1	27	80.0	1955.0
94	A2	B4	1	27	660.0	2812.0
95	A7	A1	1	27	51.0	1454.0
96	A9	A2	1	27	54.0	1921.0
97	A9	C3	1	27	586.0	3409.0
98	D1	D4	1	27	80.0	836.0
99	A6	A2	8	27	72.0	1189.0
100	A9	A5	8	27	63.0	1990.0
101	A10	A3	8	27	60.0	799.0
102	B6	B7	8	27	48.0	843.0
103	E3	D1	8	27	383.0	517.0
104	A4	C3	1	28	539.0	3288.0
105	A8	A3	1	28	98.0	1163.0
106	D5	D4	1	28	56.0	548.0
107	A1	A10	8	28	90.0	1839.0
108	A10	A1	8	28	71.0	1459.0
109	E2	D1	8	28	365.0	769.0
110	A1	B5	1	29	716.0	2798.0
111	A2	B2	1	29	674.0	2500.0
112	A3	B4	1	29	737.0	2856.0
113	A5	A3	1	29	53.0	1506.0
114	A5	B2	1	29	738.0	2900.0
115	A8	B4	1	29	744.0	2670.0
116	A9	A1	1	29	53.0	1198.0
117	A3	A10	8	29	76.0	2412.0
118	A6	A1	8	29	84.0	743.0
119	A8	A10	8	29	75.0	2302.0
120	E1	D1	8	29	233.0	674.0
121	E3	D2	8	29	339.0	516.0
122	E3	D3	8	29	252.0	732.0
123	A3	A1	15	29	70.0	870.0
124	A4	A9	15	29	64.0	1651.0
125	A6	A5	15	29	58.0	1243.0
126	A7	A4	15	29	61.0	1576.0
127	A9	A6	15	29	67.0	1120.0
128	D1	D3	15	29	91.0	835.0
129	D5	D1	15	29	55.0	967.0
130	E1	E2	15	29	47.0	926.0
131	E2	E3	15	29	37.0	689.0
132	A4	A10	1	30	76.0	508.0
133	A5	B4	1	30	606.0	2893.0
134	A6	B2	1	30	654.0	2860.0
135	A6	C2	1	30	583.0	3145.0
136	A11	A10	1	30	62.0	750.0
137	D3	B7	1	30	329.0	7168.0
138	A2	A3	8	30	91.0	2189.0
139	A5	A10	8	30	63.0	1740.0
140	C3	C1	8	30	39.0	707.0
141	D5	D2	8	30	92.0	910.0
142	E2	D2	8	30	209.0	630.0
143	E2	D3	8	30	368.0	714.0
144	A2	A1	15	30	87.0	2252.0
145	A4	A6	15	30	64.0	2466.0
146	A8	A2	15	30	91.0	2042.0
147	D1	D2	15	30	68.0	578.0
148	D2	D3	15	30	63.0	626.0
149	D5	D3	15	30	50.0	634.0
150	E1	E3	15	30	34.0	559.0
151	A1	B1	1	31	757.0	2981.0
152	A2	B5	1	31	641.0	2960.0
153	A3	B2	1	31	609.0	2986.0
154	A7	A10	1	31	70.0	1530.0
155	A8	B2	1	31	602.0	2572.0
156	A9	C2	1	31	670.0	3126.0
157	D1	B7	1	31	343.0	7070.0
158	D2	B6	1	31	462.0	7158.0
159	A4	A2	8	31	76.0	1534.0
160	A11	A2	8	31	77.0	1236.0
161	D3	B6	8	31	329.0	7108.0
162	D3	D4	8	31	68.0	956.0
163	E1	D2	8	31	313.0	937.0
164	E1	D3	8	31	330.0	748.0
165	A2	A10	15	31	70.0	1836.0
166	A4	A5	15	31	50.0	829.0
167	A5	A2	15	31	87.0	2356.0
168	A7	A6	15	31	69.0	1248.0
169	A8	A11	15	31	53.0	749.0
170	A4	B2	1	32	706.0	2965.0
171	A4	C2	1	32	503.0	3164.0
172	A6	A3	1	32	79.0	1221.0
173	A7	C3	1	32	508.0	3386.0
174	D2	E1	1	32	205.0	1761.0
175	D5	B7	1	32	377.0	7334.0
176	E3	B6	1	32	161.0	7741.0
177	A1	B4	8	32	678.0	2997.0
178	A7	A2	8	32	64.0	772.0
179	A10	A2	8	32	71.0	1684.0
180	D1	B6	8	32	318.0	7439.0
181	A1	A2	15	32	74.0	1562.0
182	A7	A5	15	32	85.0	1685.0
183	A8	A1	15	32	96.0	1246.0
184	A11	A8	15	32	52.0	853.0
185	B4	B5	15	32	38.0	825.0
186	C3	C2	15	32	44.0	971.0
187	A3	B5	1	33	789.0	2809.0
188	A6	B4	1	33	744.0	2513.0
189	A7	B2	1	33	630.0	2546.0
190	A8	B5	1	33	787.0	2876.0
191	A9	A10	1	33	59.0	2411.0
192	D1	E1	1	33	207.0	1605.0
193	D2	E2	1	33	326.0	1891.0
194	E2	B6	1	33	136.0	7648.0
195	A1	B2	8	33	716.0	2916.0
196	A4	A1	8	33	83.0	1303.0
197	A6	A10	8	33	70.0	1652.0
198	A6	C3	8	33	544.0	3460.0
199	A11	A1	8	33	64.0	2161.0
200	D2	D4	8	33	54.0	884.0
201	D5	B6	8	33	409.0	7262.0
202	A3	A2	15	33	79.0	1024.0
203	A5	A1	15	33	80.0	670.0
204	A7	A9	15	33	92.0	2129.0
205	B2	B1	15	33	35.0	721.0
206	C2	C1	15	33	44.0	980.0
207	A1	B3	1	34	697.0	2863.0
208	A2	B1	1	34	688.0	2711.0
209	A5	B1	1	34	646.0	2871.0
210	A5	B5	1	34	737.0	2550.0
211	D1	E2	1	34	351.0	1726.0
212	D2	E3	1	34	394.0	1652.0
213	D5	E1	1	34	244.0	1917.0
214	E1	B6	1	34	167.0	8112.0
215	E3	D4	1	34	203.0	802.0
216	A1	A3	8	34	91.0	1050.0
217	A2	B4	8	34	656.0	2776.0
218	A7	A1	8	34	68.0	882.0
219	A9	A2	8	34	98.0	1293.0
220	A9	C3	8	34	515.0	3025.0
221	D1	D4	8	34	60.0	696.0
222	A6	A2	15	34	54.0	1436.0
223	A9	A5	15	34	86.0	822.0
224	A10	A3	15	34	98.0	1552.0
225	B6	B7	15	34	40.0	778.0
226	D4	E1	15	34	249.0	1717.0
227	E3	D1	15	34	205.0	873.0
228	A6	B1	1	35	631.0	2848.0
229	A6	C1	1	35	537.0	3021.0
230	A9	B2	1	35	793.0	2739.0
231	A10	B4	1	35	771.0	2722.0
232	D1	E3	1	35	262.0	1845.0
233	D5	E2	1	35	212.0	1656.0
234	E2	D4	1	35	302.0	791.0
235	A4	C3	8	35	616.0	3030.0
236	A8	A3	8	35	60.0	1676.0
237	D5	D4	8	35	99.0	628.0
238	A1	A10	15	35	92.0	1491.0
239	A10	A1	15	35	78.0	612.0
240	D4	E2	15	35	318.0	1987.0
241	E2	D1	15	35	235.0	753.0
242	A3	B1	1	36	737.0	2985.0
243	A4	A3	1	36	62.0	2117.0
244	A7	C2	1	36	562.0	3211.0
245	A8	B1	1	36	634.0	2642.0
246	A9	C1	1	36	632.0	3172.0
247	A11	A3	1	36	80.0	1421.0
248	D5	E3	1	36	314.0	1661.0
249	E1	D4	1	36	295.0	684.0
250	A1	B5	8	36	722.0	2531.0
251	A2	B2	8	36	606.0	2956.0
252	A3	B4	8	36	648.0	2899.0
253	A5	A3	8	36	84.0	2221.0
254	A5	B2	8	36	615.0	2971.0
255	A8	B4	8	36	730.0	2941.0
256	A9	A1	8	36	80.0	1704.0
257	A3	A10	15	36	95.0	2104.0
258	A6	A1	15	36	69.0	1019.0
259	A8	A10	15	36	87.0	782.0
260	B2	B3	15	36	30.0	597.0
261	E1	D1	15	36	280.0	940.0
262	E3	D2	15	36	222.0	973.0
263	E3	D3	15	36	379.0	654.0
264	A3	A1	22	36	68.0	1455.0
265	A4	A9	22	36	54.0	1955.0
266	A6	A5	22	36	82.0	1511.0
267	A7	A4	22	36	92.0	2180.0
268	A9	A6	22	36	53.0	2163.0
269	D1	D3	22	36	61.0	778.0
270	D5	D1	22	36	63.0	712.0
271	E1	E2	22	36	36.0	540.0
272	E2	E3	22	36	38.0	711.0
273	A2	B3	1	37	674.0	2582.0
274	A4	B1	1	37	756.0	2587.0
275	A4	B4	1	37	648.0	2759.0
276	A4	C1	1	37	547.0	3485.0
277	A5	B3	1	37	686.0	2766.0
278	A6	B5	1	37	767.0	2546.0
279	A7	A3	1	37	56.0	1702.0
280	A10	B2	1	37	603.0	2700.0
281	A11	B4	1	37	682.0	2765.0
282	D2	B7	1	37	380.0	7372.0
283	A4	A10	8	37	75.0	2056.0
284	A5	B4	8	37	689.0	2552.0
285	A6	B2	8	37	674.0	2745.0
286	A6	C2	8	37	669.0	3274.0
287	A11	A10	8	37	93.0	1720.0
288	B6	D5	8	37	319.0	854.0
289	D3	B7	8	37	364.0	7326.0
290	D3	E1	8	37	375.0	1877.0
291	A2	A3	15	37	55.0	690.0
292	A5	A10	15	37	65.0	1646.0
293	C3	C1	15	37	37.0	856.0
294	D5	D2	15	37	55.0	537.0
295	E2	D2	15	37	362.0	794.0
296	E2	D3	15	37	323.0	733.0
297	A2	A1	22	37	65.0	535.0
298	A4	A6	22	37	53.0	1599.0
299	A8	A2	22	37	93.0	2385.0
300	D1	D2	22	37	59.0	534.0
301	D2	D3	22	37	59.0	561.0
302	D5	D3	22	37	95.0	725.0
303	E1	E3	22	37	48.0	870.0
304	A6	B3	1	38	617.0	2645.0
305	A7	B1	1	38	607.0	2868.0
306	A7	B4	1	38	617.0	2652.0
307	D3	D1	1	38	86.0	883.0
308	E3	B7	1	38	137.0	8072.0
309	A1	B1	8	38	682.0	2652.0
310	A2	B5	8	38	769.0	2660.0
311	A3	B2	8	38	607.0	2539.0
312	A7	A10	8	38	68.0	1714.0
313	A8	B2	8	38	680.0	2865.0
314	A9	C2	8	38	558.0	3420.0
315	B6	D1	8	38	318.0	656.0
316	D1	B7	8	38	428.0	7095.0
317	D2	B6	8	38	424.0	7494.0
318	D3	E2	8	38	247.0	1788.0
319	A4	A2	15	38	96.0	718.0
320	A11	A2	15	38	89.0	765.0
321	B7	D5	15	38	397.0	820.0
322	D3	B6	15	38	357.0	7364.0
323	D3	D4	15	38	65.0	891.0
324	E1	D2	15	38	384.0	703.0
325	E1	D3	15	38	290.0	751.0
326	A2	A10	22	38	86.0	1101.0
327	A4	A5	22	38	61.0	1718.0
328	A5	A2	22	38	65.0	530.0
329	A7	A6	22	38	98.0	2425.0
330	A8	A11	22	38	62.0	829.0
331	A3	B3	1	39	612.0	2683.0
332	A8	B3	1	39	678.0	2613.0
333	A9	A3	1	39	66.0	1932.0
334	A10	B5	1	39	700.0	2856.0
335	A11	B2	1	39	660.0	2505.0
336	E2	B7	1	39	129.0	7636.0
337	A4	B2	8	39	747.0	2953.0
338	A4	C2	8	39	522.0	3070.0
339	A6	A3	8	39	84.0	1698.0
340	A7	C3	8	39	626.0	3380.0
341	B6	D3	8	39	235.0	969.0
342	D2	E1	8	39	315.0	1843.0
343	D3	E3	8	39	238.0	1935.0
344	D5	B7	8	39	327.0	7036.0
345	E3	B6	8	39	191.0	7966.0
346	A1	B4	15	39	631.0	2703.0
347	A7	A2	15	39	71.0	643.0
348	A10	A2	15	39	62.0	1897.0
349	B7	D1	15	39	359.0	648.0
350	D1	B6	15	39	458.0	7136.0
351	A1	A2	22	39	65.0	2397.0
352	A7	A5	22	39	97.0	923.0
353	A8	A1	22	39	56.0	966.0
354	A11	A8	22	39	75.0	1893.0
355	B4	B5	22	39	43.0	998.0
356	C3	C2	22	39	39.0	597.0
357	A4	B3	1	40	645.0	2544.0
358	A9	B1	1	40	784.0	2882.0
359	A9	B4	1	40	661.0	2689.0
360	D2	D1	1	40	68.0	770.0
361	D3	D5	1	40	55.0	703.0
362	E1	B7	1	40	190.0	8265.0
363	E3	E1	1	40	49.0	556.0
364	A3	B5	8	40	678.0	2833.0
365	A6	B4	8	40	740.0	2800.0
366	A7	B2	8	40	668.0	2909.0
367	A8	B5	8	40	718.0	2717.0
368	A9	A10	8	40	55.0	1667.0
369	D1	E1	8	40	332.0	1776.0
370	D2	E2	8	40	306.0	1845.0
371	E2	B6	8	40	131.0	7940.0
372	A1	B2	15	40	602.0	2506.0
373	A4	A1	15	40	84.0	2314.0
374	A6	A10	15	40	96.0	661.0
375	A6	C3	15	40	519.0	3201.0
376	A11	A1	15	40	90.0	505.0
377	B7	D3	15	40	376.0	782.0
378	D2	D4	15	40	50.0	986.0
379	D5	B6	15	40	409.0	7192.0
380	A3	A2	22	40	96.0	1937.0
381	A5	A1	22	40	74.0	775.0
382	A7	A9	22	40	76.0	2223.0
383	B2	B1	22	40	44.0	517.0
384	C2	C1	22	40	42.0	680.0
385	A4	B5	1	41	643.0	2679.0
386	A7	B3	1	41	691.0	2954.0
387	A7	C1	1	41	665.0	3342.0
388	A11	B5	1	41	605.0	2698.0
389	D1	D5	1	41	92.0	858.0
390	E2	E1	1	41	40.0	677.0
391	E3	E2	1	41	49.0	564.0
392	A1	B3	8	41	622.0	2773.0
393	A2	B1	8	41	771.0	2895.0
394	A5	B1	8	41	757.0	2880.0
395	A5	B5	8	41	716.0	2859.0
396	D1	E2	8	41	310.0	1610.0
397	D2	E3	8	41	251.0	1540.0
398	D5	E1	8	41	217.0	1937.0
399	E1	B6	8	41	118.0	8166.0
400	E3	D4	8	41	343.0	674.0
401	A1	A3	15	41	95.0	1077.0
402	A2	B4	15	41	600.0	2605.0
403	A7	A1	15	41	66.0	1782.0
404	A9	A2	15	41	67.0	2055.0
405	A9	C3	15	41	527.0	3178.0
406	D1	D4	15	41	81.0	820.0
407	A6	A2	22	41	59.0	680.0
408	A9	A5	22	41	86.0	1913.0
409	A10	A3	22	41	97.0	1926.0
410	B6	B7	22	41	45.0	792.0
411	D4	E1	22	41	201.0	1939.0
412	E3	D1	22	41	293.0	912.0
413	A1	D1	1	42	361.0	5264.0
414	A7	B5	1	42	734.0	2795.0
415	A10	B1	1	42	678.0	2572.0
416	A6	B1	8	42	773.0	2554.0
417	A6	C1	8	42	562.0	3472.0
418	A9	B2	8	42	787.0	2693.0
419	A10	B4	8	42	632.0	2739.0
420	C3	A4	8	42	379.0	931.0
421	D1	E3	8	42	268.0	1782.0
422	D5	E2	8	42	205.0	1864.0
423	E2	D4	8	42	241.0	918.0
424	A4	C3	15	42	515.0	3326.0
425	A8	A3	15	42	85.0	1868.0
426	D4	D1	15	42	70.0	795.0
427	D5	D4	15	42	82.0	894.0
428	A1	A10	22	42	83.0	928.0
429	A10	A1	22	42	53.0	550.0
430	D4	E2	22	42	307.0	1760.0
431	E2	D1	22	42	231.0	992.0
432	A9	B3	1	43	642.0	2638.0
433	A3	B1	8	43	759.0	2991.0
434	A4	A3	8	43	94.0	985.0
435	A7	C2	8	43	553.0	3498.0
436	A8	B1	8	43	618.0	2756.0
437	A9	C1	8	43	528.0	3316.0
438	A11	A3	8	43	98.0	2106.0
439	C3	A9	8	43	222.0	1131.0
440	D5	E3	8	43	373.0	1814.0
441	E1	D4	8	43	362.0	996.0
442	A1	B5	15	43	603.0	2916.0
443	A2	B2	15	43	756.0	2509.0
444	A3	B4	15	43	677.0	2552.0
445	A5	A3	15	43	82.0	1150.0
446	A5	B2	15	43	708.0	2873.0
447	A8	B4	15	43	657.0	2724.0
448	A9	A1	15	43	50.0	745.0
449	A3	A10	22	43	63.0	1376.0
450	A6	A1	22	43	68.0	2404.0
451	A8	A10	22	43	97.0	948.0
452	B2	B3	22	43	37.0	931.0
453	B3	D1	22	43	358.0	640.0
454	E1	D1	22	43	298.0	675.0
455	E3	D2	22	43	280.0	884.0
456	E3	D3	22	43	364.0	817.0
457	A3	A1	29	43	92.0	1126.0
458	A4	A9	29	43	94.0	1995.0
459	A6	A5	29	43	96.0	1545.0
460	A7	A4	29	43	88.0	1502.0
461	A9	A6	29	43	84.0	1316.0
462	D1	D3	29	43	70.0	977.0
463	D5	D1	29	43	74.0	919.0
464	E1	E2	29	43	37.0	684.0
465	E2	E3	29	43	31.0	649.0
466	A9	B5	1	44	621.0	2822.0
467	A11	B1	1	44	746.0	2643.0
468	A2	B3	8	44	630.0	2854.0
469	A4	B1	8	44	622.0	2907.0
470	A4	B4	8	44	728.0	2658.0
471	A4	C1	8	44	500.0	3349.0
472	A5	B3	8	44	707.0	2688.0
473	A6	B5	8	44	679.0	2704.0
474	A7	A3	8	44	90.0	2247.0
475	A10	B2	8	44	794.0	2812.0
476	A11	B4	8	44	775.0	2595.0
477	B4	A6	8	44	495.0	1374.0
478	C3	A6	8	44	247.0	1051.0
479	D2	B7	8	44	397.0	7025.0
480	A4	A10	15	44	73.0	992.0
481	A5	B4	15	44	617.0	2673.0
482	A6	B2	15	44	717.0	2629.0
483	A6	C2	15	44	634.0	3256.0
484	A11	A10	15	44	83.0	741.0
485	B2	D1	15	44	342.0	754.0
486	B6	D5	15	44	236.0	758.0
487	D3	B7	15	44	406.0	7499.0
488	D3	E1	15	44	331.0	1721.0
489	D4	D2	15	44	66.0	547.0
490	D4	D3	15	44	84.0	908.0
491	A2	A3	22	44	72.0	1006.0
492	A5	A10	22	44	93.0	1498.0
493	C3	C1	22	44	36.0	916.0
494	D5	D2	22	44	58.0	984.0
495	E2	D2	22	44	278.0	685.0
496	E2	D3	22	44	302.0	907.0
497	A2	A1	29	44	62.0	946.0
498	A4	A6	29	44	92.0	1751.0
499	A8	A2	29	44	85.0	2099.0
500	D1	D2	29	44	79.0	963.0
501	D2	D3	29	44	74.0	625.0
502	D5	D3	29	44	72.0	642.0
503	E1	E3	29	44	45.0	576.0
504	A1	D2	1	45	249.0	5377.0
505	A1	D3	1	45	251.0	5212.0
506	A2	D1	1	45	295.0	5238.0
507	A5	D1	1	45	227.0	5211.0
508	A10	B3	1	45	697.0	2644.0
509	A6	B3	8	45	628.0	2959.0
510	A7	B1	8	45	689.0	2965.0
511	A7	B4	8	45	676.0	2758.0
512	D3	D1	8	45	77.0	762.0
513	E3	B7	8	45	112.0	8267.0
514	A1	B1	15	45	720.0	2911.0
515	A2	B5	15	45	674.0	2608.0
516	A3	B2	15	45	686.0	2920.0
517	A7	A10	15	45	65.0	1353.0
518	A8	B2	15	45	681.0	2696.0
519	A9	C2	15	45	603.0	3472.0
520	B6	D1	15	45	291.0	622.0
521	C2	A4	15	45	290.0	783.0
522	D1	B7	15	45	379.0	7252.0
523	D2	B6	15	45	470.0	7486.0
524	D3	E2	15	45	351.0	1606.0
525	A4	A2	22	45	63.0	627.0
526	A11	A2	22	45	83.0	2471.0
527	B7	D5	22	45	308.0	974.0
528	D3	B6	22	45	316.0	7014.0
529	D3	D4	22	45	94.0	796.0
530	E1	D2	22	45	285.0	883.0
531	E1	D3	22	45	359.0	936.0
532	A2	A10	29	45	73.0	2156.0
533	A4	A5	29	45	51.0	651.0
534	A5	A2	29	45	56.0	888.0
535	A7	A6	29	45	71.0	2281.0
536	A8	A11	29	45	71.0	2098.0
537	A6	D1	1	46	356.0	5244.0
538	A3	B3	8	46	667.0	2521.0
539	A8	B3	8	46	708.0	2777.0
540	A9	A3	8	46	97.0	929.0
541	A10	B5	8	46	624.0	2690.0
542	A11	B2	8	46	649.0	2524.0
543	B6	D2	8	46	203.0	701.0
544	E2	B7	8	46	116.0	7744.0
545	A4	B2	15	46	691.0	2957.0
546	A4	C2	15	46	583.0	3026.0
547	A6	A3	15	46	92.0	533.0
548	A7	C3	15	46	652.0	3372.0
549	B1	A7	15	46	440.0	1134.0
550	B6	D3	15	46	260.0	521.0
551	C2	A9	15	46	291.0	1151.0
552	D2	E1	15	46	289.0	1724.0
553	D3	E3	15	46	207.0	1960.0
554	D5	B7	15	46	407.0	7334.0
555	E3	B6	15	46	160.0	8364.0
556	A1	B4	22	46	759.0	2637.0
557	A7	A2	22	46	51.0	1624.0
558	A10	A2	22	46	57.0	651.0
559	B3	D2	22	46	277.0	851.0
560	B3	D3	22	46	329.0	835.0
561	B7	D1	22	46	378.0	816.0
562	D1	B6	22	46	492.0	7030.0
563	A1	A2	29	46	78.0	1323.0
564	A7	A5	29	46	78.0	902.0
565	A8	A1	29	46	54.0	2016.0
566	A11	A8	29	46	58.0	2384.0
567	B4	B5	29	46	34.0	610.0
568	C3	C2	29	46	35.0	900.0
569	A4	B3	8	47	698.0	2782.0
570	A9	B1	8	47	707.0	2820.0
571	A9	B4	8	47	689.0	2563.0
572	B4	A5	8	47	490.0	1209.0
573	D2	D1	8	47	90.0	820.0
574	D3	D2	8	47	93.0	923.0
575	D3	D5	8	47	66.0	896.0
576	E1	B7	8	47	169.0	8453.0
577	E3	E1	8	47	31.0	828.0
578	A3	B5	15	47	756.0	2643.0
579	A6	B4	15	47	790.0	2966.0
580	A7	B2	15	47	778.0	2849.0
581	A8	B5	15	47	663.0	2932.0
582	A9	A10	15	47	79.0	1416.0
583	B1	A4	15	47	488.0	1288.0
584	B2	D2	15	47	390.0	869.0
585	B2	D3	15	47	330.0	766.0
586	B5	A6	15	47	366.0	1174.0
587	B7	D2	15	47	265.0	918.0
588	C2	A6	15	47	339.0	1183.0
589	D1	E1	15	47	338.0	1506.0
590	D2	E2	15	47	357.0	1500.0
591	E2	B6	15	47	143.0	7550.0
592	A1	B2	22	47	715.0	2844.0
593	A4	A1	22	47	84.0	1469.0
594	A6	A10	22	47	63.0	2392.0
595	A6	C3	22	47	656.0	3216.0
596	A11	A1	22	47	64.0	2496.0
597	B7	D3	22	47	384.0	811.0
598	C1	A4	22	47	301.0	1136.0
599	D2	D4	22	47	58.0	810.0
600	D5	B6	22	47	398.0	7172.0
601	A3	A2	29	47	66.0	1838.0
602	A5	A1	29	47	90.0	586.0
603	A7	A9	29	47	69.0	1967.0
604	B2	B1	29	47	48.0	513.0
605	C2	C1	29	47	36.0	848.0
606	A4	B5	8	48	699.0	2657.0
607	A7	B3	8	48	685.0	2911.0
608	A7	C1	8	48	638.0	3250.0
609	A11	B5	8	48	652.0	2519.0
610	D1	D5	8	48	99.0	907.0
611	E2	E1	8	48	48.0	927.0
612	E3	E2	8	48	49.0	874.0
613	A1	B3	15	48	610.0	2583.0
614	A2	B1	15	48	684.0	2796.0
615	A5	B1	15	48	663.0	2801.0
616	A5	B5	15	48	642.0	2552.0
617	D1	E2	15	48	387.0	1745.0
618	D2	E3	15	48	295.0	1900.0
619	D5	E1	15	48	211.0	1525.0
620	E1	B6	15	48	127.0	7756.0
621	E3	D4	15	48	240.0	927.0
622	A1	A3	22	48	83.0	978.0
623	A2	B4	22	48	699.0	2614.0
624	A7	A1	22	48	91.0	1181.0
625	A9	A2	22	48	83.0	1974.0
626	A9	C3	22	48	611.0	3164.0
627	C1	A9	22	48	336.0	994.0
628	D1	D4	22	48	62.0	681.0
629	A6	A2	29	48	97.0	1263.0
630	A9	A5	29	48	69.0	2113.0
631	A10	A3	29	48	51.0	1054.0
632	B6	B7	29	48	30.0	668.0
633	D4	E1	29	48	392.0	1699.0
634	E3	D1	29	48	257.0	872.0
635	A1	D1	8	49	299.0	5493.0
636	A7	B5	8	49	751.0	2928.0
637	A10	B1	8	49	647.0	2782.0
638	C3	A5	8	49	201.0	1038.0
639	A6	B1	15	49	787.0	2607.0
640	A6	C1	15	49	641.0	3031.0
641	A9	B2	15	49	751.0	2913.0
642	A10	B4	15	49	727.0	2959.0
643	B1	A6	15	49	419.0	1040.0
644	C3	A4	15	49	380.0	773.0
645	D1	E3	15	49	327.0	1891.0
646	D5	E2	15	49	211.0	1695.0
647	E2	D4	15	49	393.0	546.0
648	E3	A8	15	49	33.0	1378.0
649	A4	C3	22	49	670.0	3065.0
650	A8	A3	22	49	96.0	1544.0
651	C1	A6	22	49	307.0	926.0
652	D4	D1	22	49	63.0	914.0
653	D5	D4	22	49	80.0	910.0
654	A1	A10	29	49	73.0	541.0
655	A10	A1	29	49	51.0	2165.0
656	D4	E2	29	49	348.0	1615.0
657	E2	D1	29	49	260.0	979.0
658	A9	B3	8	50	653.0	2808.0
659	B4	A2	8	50	358.0	1349.0
660	A3	B1	15	50	646.0	2833.0
661	A4	A3	15	50	99.0	1840.0
662	A7	C2	15	50	517.0	3035.0
663	A8	B1	15	50	766.0	2802.0
664	A9	C1	15	50	690.0	3016.0
665	A11	A3	15	50	99.0	1427.0
666	B1	A5	15	50	341.0	1004.0
667	B5	A5	15	50	437.0	1025.0
668	B7	B6	15	50	44.0	734.0
669	C3	A9	15	50	381.0	1109.0
670	D5	E3	15	50	357.0	1713.0
671	E1	D4	15	50	240.0	904.0
672	E2	A8	15	50	31.0	682.0
673	A1	B5	22	50	626.0	2511.0
674	A2	B2	22	50	685.0	2947.0
675	A3	B4	22	50	748.0	2919.0
676	A5	A3	22	50	50.0	1271.0
677	A5	B2	22	50	775.0	2753.0
678	A8	B4	22	50	746.0	2910.0
679	A9	A1	22	50	80.0	810.0
680	D5	A8	22	50	114.0	375.0
681	A3	A10	29	50	50.0	835.0
682	A6	A1	29	50	85.0	1086.0
683	A8	A10	29	50	74.0	1119.0
684	B2	B3	29	50	32.0	559.0
685	B3	D1	29	50	280.0	728.0
686	E1	D1	29	50	244.0	677.0
687	E3	D2	29	50	273.0	666.0
688	E3	D3	29	50	361.0	671.0
689	A3	A1	36	50	78.0	953.0
690	A4	A9	36	50	91.0	2018.0
691	A6	A5	36	50	84.0	1070.0
692	A7	A4	36	50	94.0	1564.0
693	A9	A6	36	50	83.0	1646.0
694	D1	D3	36	50	86.0	765.0
695	D5	D1	36	50	53.0	894.0
696	E1	E2	36	50	33.0	539.0
697	E2	E3	36	50	36.0	606.0
698	A9	B5	8	51	755.0	2943.0
699	A11	B1	8	51	609.0	2586.0
700	B6	D4	8	51	217.0	588.0
701	A2	B3	15	51	747.0	2557.0
702	A4	B1	15	51	704.0	2673.0
703	A4	B4	15	51	720.0	2550.0
704	A4	C1	15	51	624.0	3394.0
705	A5	B3	15	51	610.0	2707.0
706	A6	B5	15	51	790.0	2547.0
707	A7	A3	15	51	66.0	2146.0
708	A10	B2	15	51	790.0	2614.0
709	A11	B4	15	51	789.0	2924.0
710	B1	A9	15	51	382.0	1452.0
711	B2	A7	15	51	407.0	1216.0
712	B4	A6	15	51	465.0	1413.0
713	C3	A6	15	51	379.0	810.0
714	D2	B7	15	51	428.0	7099.0
715	E1	A8	15	51	47.0	1232.0
716	E3	A2	15	51	42.0	836.0
717	A4	A10	22	51	85.0	1824.0
718	A5	B4	22	51	635.0	2531.0
719	A6	B2	22	51	602.0	2809.0
720	A6	C2	22	51	592.0	3031.0
721	A11	A10	22	51	56.0	1823.0
722	B2	D1	22	51	282.0	632.0
723	B6	D5	22	51	254.0	548.0
724	D3	B7	22	51	408.0	7434.0
725	D3	E1	22	51	307.0	1579.0
726	D4	D2	22	51	53.0	811.0
727	D4	D3	22	51	96.0	656.0
728	A2	A3	29	51	61.0	1560.0
729	A5	A10	29	51	67.0	845.0
730	C3	C1	29	51	48.0	627.0
731	D1	A8	29	51	103.0	321.0
732	D5	D2	29	51	52.0	547.0
733	E2	D2	29	51	290.0	863.0
734	E2	D3	29	51	387.0	777.0
735	A2	A1	36	51	92.0	2009.0
736	A4	A6	36	51	79.0	971.0
737	A8	A2	36	51	76.0	679.0
738	D1	D2	36	51	72.0	974.0
739	D2	D3	36	51	87.0	862.0
740	D5	D3	36	51	69.0	871.0
741	E1	E3	36	51	43.0	783.0
742	A1	D2	8	52	312.0	5374.0
743	A1	D3	8	52	393.0	5315.0
744	A2	D1	8	52	371.0	5313.0
745	A5	D1	8	52	240.0	5177.0
746	A10	B3	8	52	633.0	2832.0
747	B4	A1	8	52	357.0	1106.0
748	B6	A8	8	52	309.0	1251.0
749	A6	B3	15	52	736.0	2607.0
750	A7	B1	15	52	703.0	2904.0
751	A7	B4	15	52	784.0	2762.0
752	B2	A4	15	52	473.0	1110.0
753	B7	D4	15	52	332.0	977.0
754	C2	A5	15	52	356.0	821.0
755	D3	D1	15	52	53.0	825.0
756	E2	A2	15	52	48.0	1409.0
757	E3	B7	15	52	149.0	7512.0
758	A1	B1	22	52	645.0	2692.0
759	A2	B5	22	52	738.0	2742.0
760	A3	B2	22	52	614.0	2946.0
761	A7	A10	22	52	68.0	1650.0
762	A8	B2	22	52	799.0	2922.0
763	A9	C2	22	52	665.0	3090.0
764	B3	A8	22	52	376.0	1080.0
765	B6	D1	22	52	278.0	536.0
766	C2	A4	22	52	324.0	961.0
767	D1	B7	22	52	344.0	7077.0
768	D2	B6	22	52	355.0	7166.0
769	D3	E2	22	52	244.0	1988.0
770	D5	A2	22	52	161.0	300.0
771	A4	A2	29	52	62.0	2026.0
772	A11	A2	29	52	93.0	1154.0
773	B7	D5	29	52	358.0	601.0
774	D3	B6	29	52	488.0	7288.0
775	D3	D4	29	52	62.0	522.0
776	E1	D2	29	52	337.0	571.0
777	E1	D3	29	52	213.0	801.0
778	A2	A10	36	52	55.0	1470.0
779	A4	A5	36	52	51.0	812.0
780	A5	A2	36	52	73.0	1459.0
781	A7	A6	36	52	83.0	1113.0
782	A8	A11	36	52	58.0	770.0
783	A6	D1	8	53	360.0	5182.0
784	A3	B3	15	53	737.0	2556.0
785	A8	B3	15	53	627.0	2953.0
786	A9	A3	15	53	50.0	1364.0
787	A10	B5	15	53	600.0	2875.0
788	A11	B2	15	53	612.0	2614.0
789	B2	A8	15	53	495.0	1379.0
790	B5	A2	15	53	407.0	1241.0
791	B6	D2	15	53	378.0	987.0
792	B7	A8	15	53	476.0	1076.0
793	E1	A2	15	53	44.0	1387.0
794	E2	B7	15	53	175.0	7773.0
795	E3	A1	15	53	40.0	1255.0
796	A4	B2	22	53	666.0	2585.0
797	A4	C2	22	53	656.0	3124.0
798	A6	A3	22	53	88.0	728.0
799	A7	C3	22	53	681.0	3463.0
800	B1	A7	22	53	478.0	1189.0
801	B6	D3	22	53	343.0	686.0
802	C2	A9	22	53	271.0	1170.0
803	D2	E1	22	53	398.0	1608.0
804	D3	E3	22	53	306.0	1873.0
805	D5	B7	22	53	358.0	7302.0
806	E3	B6	22	53	138.0	8264.0
807	A1	B4	29	53	641.0	2551.0
808	A7	A2	29	53	68.0	2222.0
809	A10	A2	29	53	69.0	1501.0
810	B3	D2	29	53	291.0	929.0
811	B3	D3	29	53	315.0	702.0
812	B7	D1	29	53	375.0	502.0
813	D1	A2	29	53	157.0	307.0
814	D1	B6	29	53	410.0	7242.0
815	A1	A2	36	53	68.0	1415.0
816	A7	A5	36	53	93.0	1585.0
817	A8	A1	36	53	54.0	2391.0
818	A11	A8	36	53	63.0	953.0
819	B4	B5	36	53	33.0	515.0
820	C3	C2	36	53	47.0	893.0
821	A4	B3	15	54	659.0	2802.0
822	A9	B1	15	54	656.0	2626.0
823	A9	B4	15	54	734.0	2673.0
824	B2	A6	15	54	458.0	1400.0
825	B4	A5	15	54	333.0	1173.0
826	D2	D1	15	54	95.0	538.0
827	D3	D2	15	54	77.0	913.0
828	D3	D5	15	54	65.0	904.0
829	D4	B6	15	54	305.0	7283.0
830	E1	B7	15	54	102.0	8114.0
831	E2	A1	15	54	34.0	968.0
832	E3	E1	15	54	36.0	590.0
833	A3	B5	22	54	762.0	2738.0
834	A6	B4	22	54	716.0	2814.0
835	A7	B2	22	54	710.0	2976.0
836	A8	B5	22	54	778.0	2580.0
837	A9	A10	22	54	80.0	1432.0
838	B1	A4	22	54	413.0	1429.0
839	B2	D2	22	54	274.0	942.0
840	B2	D3	22	54	268.0	894.0
841	B3	A2	22	54	316.0	1308.0
842	B5	A6	22	54	333.0	1208.0
843	B7	D2	22	54	358.0	888.0
844	C1	A5	22	54	371.0	1058.0
845	C2	A6	22	54	226.0	765.0
846	D1	E1	22	54	285.0	1620.0
847	D2	E2	22	54	327.0	1831.0
848	D5	A1	22	54	141.0	384.0
849	E2	B6	22	54	187.0	8171.0
850	A1	B2	29	54	734.0	2857.0
851	A4	A1	29	54	56.0	1459.0
852	A6	A10	29	54	61.0	2408.0
853	A6	C3	29	54	676.0	3432.0
854	A11	A1	29	54	74.0	1946.0
855	B7	D3	29	54	207.0	791.0
856	C1	A4	29	54	340.0	1134.0
857	D2	D4	29	54	54.0	744.0
858	D5	B6	29	54	312.0	7370.0
859	A3	A2	36	54	87.0	549.0
860	A5	A1	36	54	86.0	1852.0
861	A7	A9	36	54	99.0	641.0
862	B2	B1	36	54	33.0	880.0
863	C2	C1	36	54	49.0	741.0
864	A4	B5	15	55	774.0	2551.0
865	A7	B3	15	55	755.0	2960.0
866	A7	C1	15	55	500.0	3067.0
867	A11	B5	15	55	614.0	2981.0
868	B2	A2	15	55	435.0	1078.0
869	B2	A5	15	55	498.0	1426.0
870	B5	A1	15	55	461.0	1312.0
871	B7	A2	15	55	358.0	1330.0
872	D1	D5	15	55	58.0	746.0
873	E1	A1	15	55	37.0	587.0
874	E2	E1	15	55	48.0	626.0
875	E3	A11	15	55	33.0	1094.0
876	E3	E2	15	55	36.0	595.0
877	A1	B3	22	55	627.0	2546.0
878	A2	B1	22	55	718.0	2877.0
879	A5	B1	22	55	640.0	2954.0
880	A5	B5	22	55	637.0	2951.0
881	D1	E2	22	55	202.0	1690.0
882	D2	E3	22	55	392.0	1854.0
883	D5	E1	22	55	235.0	1985.0
884	E1	B6	22	55	140.0	8042.0
885	E3	D4	22	55	315.0	744.0
886	A1	A3	29	55	84.0	1791.0
887	A2	B4	29	55	631.0	2810.0
888	A7	A1	29	55	52.0	2428.0
889	A9	A2	29	55	94.0	1861.0
890	A9	C3	29	55	584.0	3362.0
891	C1	A9	29	55	372.0	823.0
892	D1	A1	29	55	177.0	332.0
893	D1	D4	29	55	61.0	541.0
894	A6	A2	36	55	98.0	2051.0
895	A9	A5	36	55	79.0	1520.0
896	A10	A3	36	55	57.0	671.0
897	B6	B7	36	55	43.0	649.0
898	D4	E1	36	55	377.0	1885.0
899	E3	D1	36	55	312.0	945.0
900	A1	D1	15	56	311.0	5392.0
901	A7	B5	15	56	742.0	2868.0
902	A10	B1	15	56	766.0	2533.0
903	B2	A9	15	56	462.0	1209.0
904	C3	A5	15	56	268.0	762.0
905	E2	A11	15	56	32.0	642.0
906	A6	B1	22	56	776.0	2979.0
907	A6	C1	22	56	550.0	3108.0
908	A9	B2	22	56	689.0	2983.0
909	A10	B4	22	56	757.0	2557.0
910	B1	A6	22	56	446.0	1188.0
911	B3	A1	22	56	403.0	1366.0
912	B3	B6	22	56	43.0	611.0
913	C3	A4	22	56	284.0	999.0
914	D1	E3	22	56	274.0	1884.0
915	D5	A11	22	56	162.0	379.0
916	D5	E2	22	56	223.0	1920.0
917	E2	D4	22	56	384.0	801.0
918	E3	A8	22	56	45.0	1032.0
919	A4	C3	29	56	622.0	3442.0
920	A8	A3	29	56	79.0	1088.0
921	C1	A6	29	56	227.0	1024.0
922	D4	D1	29	56	79.0	755.0
923	D5	D4	29	56	84.0	598.0
924	A1	A10	36	56	57.0	1098.0
925	A10	A1	36	56	68.0	1949.0
926	D4	E2	36	56	393.0	1697.0
927	E2	D1	36	56	323.0	729.0
928	A9	B3	15	57	750.0	2839.0
929	B1	A2	15	57	421.0	1350.0
930	B2	A1	15	57	469.0	1054.0
931	B2	B6	15	57	34.0	780.0
932	B4	A2	15	57	491.0	1288.0
933	B7	A1	15	57	378.0	1262.0
934	D4	A8	15	57	158.0	345.0
935	E1	A11	15	57	36.0	898.0
936	E3	A10	15	57	31.0	956.0
937	A3	B1	22	57	789.0	2820.0
938	A4	A3	22	57	78.0	1808.0
939	A7	C2	22	57	635.0	3284.0
940	A8	B1	22	57	638.0	2791.0
941	A9	C1	22	57	684.0	3210.0
942	A11	A3	22	57	58.0	1473.0
943	B1	A5	22	57	337.0	1399.0
944	B5	A5	22	57	455.0	1459.0
945	B7	B6	22	57	44.0	805.0
946	C3	A9	22	57	271.0	822.0
947	D5	E3	22	57	221.0	1602.0
948	E1	D4	22	57	239.0	820.0
949	E2	A8	22	57	38.0	526.0
950	A1	B5	29	57	734.0	2842.0
951	A2	B2	29	57	742.0	2905.0
952	A3	B4	29	57	645.0	2850.0
953	A5	A3	29	57	97.0	534.0
954	A5	B2	29	57	678.0	2805.0
955	A8	B4	29	57	684.0	2951.0
956	A9	A1	29	57	95.0	778.0
957	D1	A11	29	57	132.0	345.0
958	D5	A8	29	57	121.0	390.0
959	A3	A10	36	57	90.0	774.0
960	A6	A1	36	57	52.0	653.0
961	A8	A10	36	57	50.0	984.0
962	B2	B3	36	57	42.0	514.0
963	B3	D1	36	57	332.0	759.0
964	E1	D1	36	57	360.0	795.0
965	E3	D2	36	57	254.0	796.0
966	E3	D3	36	57	390.0	691.0
967	A3	A1	43	57	57.0	1739.0
968	A4	A9	43	57	57.0	2318.0
969	A6	A5	43	57	87.0	1698.0
970	A7	A4	43	57	75.0	524.0
971	A9	A6	43	57	84.0	1848.0
972	D1	D3	43	57	66.0	803.0
973	D5	D1	43	57	65.0	918.0
974	E1	E2	43	57	42.0	764.0
975	E2	E3	43	57	34.0	718.0
976	A9	B5	15	58	713.0	2883.0
977	A11	B1	15	58	691.0	2998.0
978	B6	D4	15	58	280.0	650.0
979	B7	E1	15	58	90.0	2918.0
980	E2	A10	15	58	37.0	772.0
981	A2	B3	22	58	782.0	2910.0
982	A4	B1	22	58	637.0	2610.0
983	A4	B4	22	58	751.0	2693.0
984	A4	C1	22	58	636.0	3346.0
985	A5	B3	22	58	642.0	2914.0
986	A6	B5	22	58	714.0	2810.0
987	A7	A3	22	58	93.0	1026.0
988	A10	B2	22	58	641.0	2720.0
989	A11	B4	22	58	710.0	2799.0
990	B1	A9	22	58	314.0	1080.0
991	B2	A7	22	58	403.0	1390.0
992	B3	A11	22	58	306.0	1073.0
993	B3	D4	22	58	382.0	797.0
994	B4	A6	22	58	483.0	1369.0
995	C3	A6	22	58	250.0	976.0
996	D2	B7	22	58	368.0	7219.0
997	D5	A10	22	58	148.0	381.0
998	E1	A8	22	58	42.0	1257.0
999	E3	A2	22	58	42.0	917.0
1000	A4	A10	29	58	73.0	1671.0
1001	A5	B4	29	58	753.0	2862.0
1002	A6	B2	29	58	628.0	2649.0
1003	A6	C2	29	58	562.0	3092.0
1004	A11	A10	29	58	56.0	1833.0
1005	B2	D1	29	58	394.0	658.0
1006	B6	D5	29	58	213.0	519.0
1007	D3	B7	29	58	377.0	7086.0
1008	D3	E1	29	58	223.0	1615.0
1009	D4	D2	29	58	74.0	576.0
1010	D4	D3	29	58	89.0	973.0
1011	A2	A3	36	58	91.0	1845.0
1012	A5	A10	36	58	56.0	1765.0
1013	C3	C1	36	58	42.0	902.0
1014	D1	A8	36	58	178.0	311.0
1015	D5	D2	36	58	65.0	838.0
1016	E2	D2	36	58	278.0	738.0
1017	E2	D3	36	58	382.0	543.0
1018	A2	A1	43	58	82.0	969.0
1019	A4	A6	43	58	91.0	1641.0
1020	A8	A2	43	58	54.0	2251.0
1021	D1	D2	43	58	69.0	937.0
1022	D2	D3	43	58	50.0	818.0
1023	D5	D3	43	58	95.0	794.0
1024	E1	E3	43	58	30.0	729.0
1025	A1	D2	15	59	255.0	5259.0
1026	A1	D3	15	59	206.0	5405.0
1027	A2	D1	15	59	267.0	5115.0
1028	A5	D1	15	59	381.0	5155.0
1029	A10	B3	15	59	669.0	2541.0
1030	B1	A1	15	59	451.0	1431.0
1031	B2	A11	15	59	421.0	1485.0
1032	B2	D4	15	59	229.0	650.0
1033	B4	A1	15	59	303.0	1473.0
1034	B5	A10	15	59	402.0	1200.0
1035	B6	A8	15	59	425.0	1456.0
1036	B7	A11	15	59	323.0	1240.0
1037	B7	E2	15	59	69.0	2480.0
1038	C2	A2	15	59	281.0	1040.0
1039	C2	C3	15	59	37.0	631.0
1040	D4	A2	15	59	122.0	349.0
1041	E1	A10	15	59	33.0	1337.0
1042	A6	B3	22	59	676.0	2538.0
1043	A7	B1	22	59	674.0	2874.0
1044	A7	B4	22	59	667.0	2609.0
1045	B2	A4	22	59	456.0	1049.0
1046	B7	D4	22	59	273.0	605.0
1047	C2	A5	22	59	304.0	878.0
1048	D3	D1	22	59	61.0	990.0
1049	E2	A2	22	59	37.0	779.0
1050	E3	B7	22	59	164.0	7787.0
1051	A1	B1	29	59	654.0	2521.0
1052	A2	B5	29	59	655.0	2608.0
1053	A3	B2	29	59	668.0	2966.0
1054	A7	A10	29	59	68.0	1384.0
1055	A8	B2	29	59	665.0	2626.0
1056	A9	C2	29	59	603.0	3161.0
1057	B3	A8	29	59	343.0	1197.0
1058	B6	D1	29	59	363.0	604.0
1059	C2	A4	29	59	315.0	913.0
1060	D1	A10	29	59	168.0	301.0
1061	D1	B7	29	59	427.0	7437.0
1062	D2	B6	29	59	484.0	7191.0
1063	D3	E2	29	59	318.0	1915.0
1064	D5	A2	29	59	103.0	361.0
1065	A4	A2	36	59	73.0	2393.0
1066	A11	A2	36	59	54.0	2214.0
1067	B7	D5	36	59	217.0	682.0
1068	D3	B6	36	59	475.0	7445.0
1069	D3	D4	36	59	92.0	569.0
1070	E1	D2	36	59	271.0	633.0
1071	E1	D3	36	59	227.0	609.0
1072	A2	A10	43	59	62.0	1514.0
1073	A4	A5	43	59	87.0	1873.0
1074	A5	A2	43	59	70.0	1470.0
1075	A7	A6	43	59	53.0	1504.0
1076	A8	A11	43	59	58.0	814.0
1077	A6	D1	15	60	311.0	5322.0
1078	B5	C3	15	60	306.0	4287.0
1079	B7	E3	15	60	67.0	2241.0
1080	D4	B7	15	60	357.0	7451.0
1081	A3	B3	22	60	713.0	2956.0
1082	A8	B3	22	60	787.0	2889.0
1083	A9	A3	22	60	83.0	1207.0
1084	A10	B5	22	60	785.0	2690.0
1085	A11	B2	22	60	656.0	2940.0
1086	B2	A8	22	60	331.0	1179.0
1087	B3	A10	22	60	393.0	1243.0
1088	B5	A2	22	60	481.0	1405.0
1089	B6	D2	22	60	261.0	877.0
1090	B7	A8	22	60	369.0	1164.0
1091	E1	A2	22	60	33.0	1359.0
1092	E2	B7	22	60	152.0	7509.0
1093	E3	A1	22	60	47.0	1242.0
1094	A4	B2	29	60	746.0	2713.0
1095	A4	C2	29	60	516.0	3231.0
1096	A6	A3	29	60	82.0	2216.0
1097	A7	C3	29	60	582.0	3343.0
1098	B1	A7	29	60	409.0	1443.0
1099	B6	D3	29	60	356.0	635.0
1100	C2	A9	29	60	371.0	1146.0
1101	D2	E1	29	60	336.0	1916.0
1102	D3	E3	29	60	230.0	1903.0
1103	D5	B7	29	60	348.0	7170.0
1104	E3	B6	29	60	183.0	8475.0
1105	A1	B4	36	60	686.0	2879.0
1106	A7	A2	36	60	62.0	2330.0
1107	A10	A2	36	60	65.0	2287.0
1108	B3	D2	36	60	369.0	618.0
1109	B3	D3	36	60	319.0	872.0
1110	B7	D1	36	60	374.0	525.0
1111	D1	A2	36	60	187.0	381.0
1112	D1	B6	36	60	436.0	7361.0
1113	A1	A2	43	60	68.0	582.0
1114	A7	A5	43	60	97.0	2316.0
1115	A8	A1	43	60	65.0	838.0
1116	A11	A8	43	60	72.0	1404.0
1117	B4	B5	43	60	46.0	910.0
1118	C3	C2	43	60	45.0	935.0
1119	A4	B3	22	61	751.0	2782.0
1120	A9	B1	22	61	661.0	2898.0
1121	A9	B4	22	61	771.0	2906.0
1122	B2	A6	22	61	447.0	1006.0
1123	B4	A5	22	61	341.0	1308.0
1124	C1	A2	22	61	337.0	910.0
1125	C1	C3	22	61	42.0	932.0
1126	D2	D1	22	61	85.0	783.0
1127	D3	D2	22	61	91.0	880.0
1128	D3	D5	22	61	95.0	587.0
1129	D4	B6	22	61	429.0	7475.0
1130	E1	B7	22	61	154.0	7926.0
1131	E2	A1	22	61	44.0	613.0
1132	E3	E1	22	61	32.0	832.0
1133	A3	B5	29	61	717.0	2675.0
1134	A6	B4	29	61	673.0	2758.0
1135	A7	B2	29	61	609.0	2625.0
1136	A8	B5	29	61	750.0	2718.0
1137	A9	A10	29	61	95.0	614.0
1138	B1	A4	29	61	342.0	1039.0
1139	B2	D2	29	61	279.0	511.0
1140	B2	D3	29	61	277.0	969.0
1141	B3	A2	29	61	335.0	1295.0
1142	B5	A6	29	61	453.0	1095.0
1143	B7	D2	29	61	317.0	890.0
1144	C1	A5	29	61	263.0	1073.0
1145	C2	A6	29	61	373.0	1101.0
1146	D1	E1	29	61	200.0	1552.0
1147	D2	E2	29	61	300.0	1836.0
1148	D5	A1	29	61	127.0	371.0
1149	E2	B6	29	61	155.0	7870.0
1150	A1	B2	36	61	789.0	2598.0
1151	A4	A1	36	61	78.0	2181.0
1152	A6	A10	36	61	66.0	2469.0
1153	A6	C3	36	61	540.0	3497.0
1154	A11	A1	36	61	96.0	1701.0
1155	B7	D3	36	61	371.0	845.0
1156	C1	A4	36	61	331.0	745.0
1157	D2	D4	36	61	83.0	788.0
1158	D5	B6	36	61	301.0	7432.0
1159	A3	A2	43	61	55.0	1690.0
1160	A5	A1	43	61	95.0	1577.0
1161	A7	A9	43	61	92.0	2219.0
1162	B2	B1	43	61	39.0	578.0
1163	C2	C1	43	61	32.0	829.0
1164	A4	B5	22	62	623.0	2803.0
1165	A7	B3	22	62	774.0	2640.0
1166	A7	C1	22	62	637.0	3437.0
1167	A11	B5	22	62	604.0	2712.0
1168	B2	A2	22	62	426.0	1135.0
1169	B2	A5	22	62	402.0	1032.0
1170	B3	B7	22	62	35.0	846.0
1171	B5	A1	22	62	494.0	1327.0
1172	B7	A2	22	62	384.0	1234.0
1173	D1	D5	22	62	76.0	896.0
1174	E1	A1	22	62	32.0	902.0
1175	E2	E1	22	62	43.0	778.0
1176	E3	A11	22	62	43.0	633.0
1177	E3	E2	22	62	42.0	973.0
1178	A1	B3	29	62	611.0	2531.0
1179	A2	B1	29	62	782.0	2551.0
1180	A5	B1	29	62	717.0	2841.0
1181	A5	B5	29	62	666.0	2603.0
1182	D1	E2	29	62	254.0	1659.0
1183	D2	E3	29	62	308.0	1645.0
1184	D5	E1	29	62	362.0	1968.0
1185	E1	B6	29	62	197.0	7973.0
1186	E3	D4	29	62	289.0	972.0
1187	A1	A3	36	62	86.0	1510.0
1188	A2	B4	36	62	781.0	2798.0
1189	A7	A1	36	62	75.0	2302.0
1190	A9	A2	36	62	63.0	2314.0
1191	A9	C3	36	62	513.0	3167.0
1192	C1	A9	36	62	338.0	1099.0
1193	D1	A1	36	62	178.0	342.0
1194	D1	D4	36	62	67.0	768.0
1195	A6	A2	43	62	81.0	1491.0
1196	A9	A5	43	62	76.0	1223.0
1197	A10	A3	43	62	87.0	1535.0
1198	B6	B7	43	62	43.0	814.0
1199	D4	E1	43	62	206.0	1860.0
1200	E3	D1	43	62	353.0	867.0
1201	A1	D1	22	63	299.0	5137.0
1202	A7	B5	22	63	602.0	2754.0
1203	A10	B1	22	63	639.0	2878.0
1204	B2	A9	22	63	492.0	1395.0
1205	C1	A1	22	63	225.0	1156.0
1206	C3	A5	22	63	350.0	909.0
1207	E2	A11	22	63	34.0	1336.0
1208	A6	B1	29	63	713.0	2960.0
1209	A6	C1	29	63	692.0	3181.0
1210	A9	B2	29	63	704.0	2879.0
1211	A10	B4	29	63	766.0	2637.0
1212	B1	A6	29	63	338.0	1070.0
1213	B3	A1	29	63	411.0	1293.0
1214	B3	B6	29	63	34.0	509.0
1215	C3	A4	29	63	368.0	719.0
1216	D1	E3	29	63	339.0	1554.0
1217	D5	A11	29	63	139.0	369.0
1218	D5	E2	29	63	241.0	1725.0
1219	E2	D4	29	63	229.0	725.0
1220	E3	A8	29	63	43.0	793.0
1221	A4	C3	36	63	583.0	3037.0
1222	A8	A3	36	63	66.0	2166.0
1223	C1	A6	36	63	381.0	889.0
1224	D4	D1	36	63	53.0	849.0
1225	D5	D4	36	63	82.0	521.0
1226	A1	A10	43	63	70.0	2165.0
1227	A10	A1	43	63	88.0	1612.0
1228	D4	E2	43	63	390.0	1926.0
1229	E2	D1	43	63	327.0	907.0
1230	A9	B3	22	64	724.0	2923.0
1231	B1	A2	22	64	423.0	1455.0
1232	B2	A1	22	64	477.0	1495.0
1233	B2	B6	22	64	37.0	861.0
1234	B3	E1	22	64	56.0	2343.0
1235	B4	A2	22	64	314.0	1013.0
1236	B7	A1	22	64	336.0	1324.0
1237	D4	A8	22	64	191.0	300.0
1238	D5	A3	22	64	149.0	304.0
1239	E1	A11	22	64	43.0	612.0
1240	E3	A10	22	64	49.0	572.0
1241	A3	B1	29	64	651.0	2808.0
1242	A4	A3	29	64	50.0	1513.0
1243	A7	C2	29	64	589.0	3060.0
1244	A8	B1	29	64	647.0	2580.0
1245	A9	C1	29	64	591.0	3444.0
1246	A11	A3	29	64	87.0	2303.0
1247	B1	A5	29	64	390.0	1444.0
1248	B5	A5	29	64	444.0	1439.0
1249	B7	B6	29	64	40.0	959.0
1250	C3	A9	29	64	257.0	753.0
1251	D5	E3	29	64	272.0	1709.0
1252	E1	D4	29	64	352.0	665.0
1253	E2	A8	29	64	46.0	583.0
1254	A1	B5	36	64	615.0	2684.0
1255	A2	B2	36	64	647.0	2846.0
1256	A3	B4	36	64	670.0	2959.0
1257	A5	A3	36	64	66.0	664.0
1258	A5	B2	36	64	613.0	2574.0
1259	A8	B4	36	64	798.0	2827.0
1260	A9	A1	36	64	88.0	1125.0
1261	D1	A11	36	64	140.0	330.0
1262	D5	A8	36	64	119.0	393.0
1263	A3	A10	43	64	63.0	928.0
1264	A6	A1	43	64	98.0	784.0
1265	A8	A10	43	64	53.0	1530.0
1266	B2	B3	43	64	39.0	554.0
1267	B3	D1	43	64	345.0	712.0
1268	E1	D1	43	64	238.0	805.0
1269	E3	D2	43	64	330.0	557.0
1270	E3	D3	43	64	230.0	593.0
1271	A3	A1	50	64	94.0	906.0
1272	A4	A9	50	64	89.0	1477.0
1273	A6	A5	50	64	59.0	1463.0
1274	A7	A4	50	64	56.0	2429.0
1275	A9	A6	50	64	57.0	943.0
1276	D1	D3	50	64	50.0	571.0
1277	D5	D1	50	64	68.0	565.0
1278	E1	E2	50	64	35.0	718.0
1279	E2	E3	50	64	38.0	929.0
1280	A9	B5	22	65	651.0	2791.0
1281	A11	B1	22	65	727.0	2866.0
1282	B3	E2	22	65	84.0	2510.0
1283	B6	D4	22	65	383.0	659.0
1284	B7	E1	22	65	65.0	2696.0
1285	C1	C2	22	65	43.0	597.0
1286	D5	B4	22	65	327.0	7429.0
1287	E2	A10	22	65	36.0	831.0
1288	A2	B3	29	65	638.0	2548.0
1289	A4	B1	29	65	730.0	2679.0
1290	A4	B4	29	65	718.0	2731.0
1291	A4	C1	29	65	528.0	3007.0
1292	A5	B3	29	65	775.0	2658.0
1293	A6	B5	29	65	732.0	2515.0
1294	A7	A3	29	65	66.0	1852.0
1295	A10	B2	29	65	744.0	2912.0
1296	A11	B4	29	65	787.0	2630.0
1297	B1	A9	29	65	386.0	1182.0
1298	B2	A7	29	65	433.0	1425.0
1299	B3	A11	29	65	432.0	1352.0
1300	B3	D4	29	65	368.0	546.0
1301	B4	A6	29	65	333.0	1431.0
1302	C3	A6	29	65	235.0	1140.0
1303	D1	A3	29	65	159.0	378.0
1304	D2	B7	29	65	417.0	7027.0
1305	D5	A10	29	65	107.0	346.0
1306	E1	A8	29	65	35.0	682.0
1307	E3	A2	29	65	45.0	827.0
1308	A4	A10	36	65	85.0	2188.0
1309	A5	B4	36	65	607.0	2758.0
1310	A6	B2	36	65	643.0	2989.0
1311	A6	C2	36	65	558.0	3351.0
1312	A11	A10	36	65	52.0	1581.0
1313	B2	D1	36	65	265.0	801.0
1314	B6	D5	36	65	236.0	952.0
1315	D3	B7	36	65	475.0	7315.0
1316	D3	E1	36	65	309.0	1620.0
1317	D4	D2	36	65	74.0	744.0
1318	D4	D3	36	65	87.0	645.0
1319	A2	A3	43	65	69.0	2460.0
1320	A5	A10	43	65	65.0	2231.0
1321	C3	C1	43	65	43.0	850.0
1322	D1	A8	43	65	194.0	365.0
1323	D5	D2	43	65	82.0	900.0
1324	E2	D2	43	65	299.0	907.0
1325	E2	D3	43	65	216.0	740.0
1326	A2	A1	50	65	99.0	1021.0
1327	A4	A6	50	65	61.0	1398.0
1328	A8	A2	50	65	78.0	1341.0
1329	D1	D2	50	65	63.0	559.0
1330	D2	D3	50	65	51.0	885.0
1331	D5	D3	50	65	54.0	972.0
1332	E1	E3	50	65	39.0	693.0
1333	A1	D2	22	66	326.0	5461.0
1334	A1	D3	22	66	300.0	5163.0
1335	A2	D1	22	66	314.0	5468.0
1336	A5	D1	22	66	284.0	5330.0
1337	A10	B3	22	66	616.0	2670.0
1338	B1	A1	22	66	378.0	1312.0
1339	B2	A11	22	66	481.0	1450.0
1340	B2	D4	22	66	254.0	705.0
1341	B3	A3	22	66	468.0	1477.0
1342	B3	E3	22	66	99.0	2807.0
1343	B4	A1	22	66	317.0	1227.0
1344	B5	A10	22	66	303.0	1043.0
1345	B6	A8	22	66	495.0	1196.0
1346	B7	A11	22	66	496.0	1106.0
1347	B7	E2	22	66	56.0	2914.0
1348	C2	A2	22	66	326.0	1056.0
1349	C2	C3	22	66	47.0	691.0
1350	D4	A2	22	66	145.0	333.0
1351	E1	A10	22	66	47.0	978.0
1352	A6	B3	29	66	661.0	2942.0
1353	A7	B1	29	66	609.0	2733.0
1354	A7	B4	29	66	702.0	2765.0
1355	B2	A4	29	66	471.0	1327.0
1356	B7	D4	29	66	384.0	577.0
1357	C2	A5	29	66	325.0	760.0
1358	D1	B4	29	66	488.0	7156.0
1359	D3	D1	29	66	91.0	914.0
1360	E2	A2	29	66	33.0	1230.0
1361	E3	B7	29	66	179.0	7790.0
1362	A1	B1	36	66	637.0	2630.0
1363	A2	B5	36	66	626.0	2539.0
1364	A3	B2	36	66	748.0	2852.0
1365	A7	A10	36	66	93.0	1681.0
1366	A8	B2	36	66	658.0	2961.0
1367	A9	C2	36	66	698.0	3321.0
1368	B3	A8	36	66	424.0	1120.0
1369	B6	D1	36	66	314.0	844.0
1370	C2	A4	36	66	357.0	804.0
1371	D1	A10	36	66	118.0	364.0
1372	D1	B7	36	66	314.0	7204.0
1373	D2	B6	36	66	329.0	7297.0
1374	D3	E2	36	66	326.0	1576.0
1375	D5	A2	36	66	188.0	395.0
1376	A4	A2	43	66	53.0	1716.0
1377	A11	A2	43	66	96.0	2293.0
1378	B7	D5	43	66	326.0	527.0
1379	D3	B6	43	66	432.0	7180.0
1380	D3	D4	43	66	69.0	893.0
1381	E1	D2	43	66	341.0	585.0
1382	E1	D3	43	66	399.0	685.0
1383	A2	A10	50	66	87.0	1210.0
1384	A4	A5	50	66	71.0	2241.0
1385	A5	A2	50	66	57.0	666.0
1386	A7	A6	50	66	96.0	2244.0
1387	A8	A11	50	66	61.0	940.0
1388	A6	D1	22	67	267.0	5062.0
1389	B3	B4	22	67	47.0	960.0
1390	B5	C3	22	67	400.0	4926.0
1391	B7	E3	22	67	82.0	2278.0
1392	C1	A10	22	67	272.0	879.0
1393	D4	B7	22	67	461.0	7295.0
1394	D5	B2	22	67	301.0	7468.0
1395	A3	B3	29	67	640.0	2714.0
1396	A8	B3	29	67	668.0	2596.0
1397	A9	A3	29	67	78.0	1086.0
1398	A10	B5	29	67	747.0	2644.0
1399	A11	B2	29	67	736.0	2676.0
1400	B2	A8	29	67	411.0	1399.0
1401	B3	A10	29	67	369.0	1206.0
1402	B5	A2	29	67	474.0	1164.0
1403	B6	D2	29	67	308.0	510.0
1404	B7	A8	29	67	454.0	1425.0
1405	E1	A2	29	67	40.0	859.0
1406	E2	B7	29	67	171.0	7729.0
1407	E3	A1	29	67	49.0	871.0
1408	A4	B2	36	67	759.0	2784.0
1409	A4	C2	36	67	657.0	3188.0
1410	A6	A3	36	67	86.0	2097.0
1411	A7	C3	36	67	668.0	3153.0
1412	B1	A7	36	67	322.0	1047.0
1413	B6	D3	36	67	272.0	777.0
1414	C2	A9	36	67	396.0	961.0
1415	D2	E1	36	67	350.0	1678.0
1416	D3	E3	36	67	266.0	1811.0
1417	D5	B7	36	67	404.0	7284.0
1418	E3	B6	36	67	185.0	7948.0
1419	A1	B4	43	67	745.0	2837.0
1420	A7	A2	43	67	79.0	2455.0
1421	A10	A2	43	67	60.0	2276.0
1422	B3	D2	43	67	273.0	847.0
1423	B3	D3	43	67	236.0	607.0
1424	B7	D1	43	67	393.0	787.0
1425	D1	A2	43	67	104.0	346.0
1426	D1	B6	43	67	356.0	7335.0
1427	A1	A2	50	67	60.0	968.0
1428	A7	A5	50	67	91.0	2451.0
1429	A8	A1	50	67	84.0	762.0
1430	A11	A8	50	67	92.0	1115.0
1431	B4	B5	50	67	37.0	748.0
1432	C3	C2	50	67	38.0	721.0
1433	A4	B3	29	68	787.0	2640.0
1434	A9	B1	29	68	791.0	2944.0
1435	A9	B4	29	68	699.0	2903.0
1436	B2	A6	29	68	316.0	1118.0
1437	B4	A5	29	68	328.0	1238.0
1438	C1	A2	29	68	202.0	834.0
1439	C1	C3	29	68	32.0	876.0
1440	D1	B2	29	68	374.0	7272.0
1441	D2	D1	29	68	86.0	543.0
1442	D3	D2	29	68	86.0	787.0
1443	D3	D5	29	68	84.0	888.0
1444	D4	B6	29	68	362.0	7129.0
1445	E1	B7	29	68	110.0	7665.0
1446	E2	A1	29	68	44.0	1183.0
1447	E3	E1	29	68	43.0	990.0
1448	A3	B5	36	68	787.0	2531.0
1449	A6	B4	36	68	603.0	2536.0
1450	A7	B2	36	68	742.0	2528.0
1451	A8	B5	36	68	603.0	2633.0
1452	A9	A10	36	68	95.0	1425.0
1453	B1	A4	36	68	356.0	1299.0
1454	B2	D2	36	68	274.0	871.0
1455	B2	D3	36	68	312.0	844.0
1456	B3	A2	36	68	433.0	1385.0
1457	B5	A6	36	68	385.0	1301.0
1458	B7	D2	36	68	310.0	806.0
1459	C1	A5	36	68	374.0	792.0
1460	C2	A6	36	68	279.0	792.0
1461	D1	E1	36	68	319.0	1703.0
1462	D2	E2	36	68	238.0	1572.0
1463	D5	A1	36	68	105.0	302.0
1464	E2	B6	36	68	197.0	7915.0
1465	A1	B2	43	68	778.0	2728.0
1466	A4	A1	43	68	52.0	1176.0
1467	A6	A10	43	68	72.0	1716.0
1468	A6	C3	43	68	605.0	3289.0
1469	A11	A1	43	68	91.0	508.0
1470	B7	D3	43	68	270.0	772.0
1471	C1	A4	43	68	374.0	967.0
1472	D2	D4	43	68	60.0	626.0
1473	D5	B6	43	68	451.0	7402.0
1474	A3	A2	50	68	84.0	1130.0
1475	A5	A1	50	68	60.0	517.0
1476	A7	A9	50	68	77.0	2355.0
1477	B2	B1	50	68	35.0	553.0
1478	C2	C1	50	68	30.0	776.0
1479	A4	B5	29	69	752.0	2504.0
1480	A7	B3	29	69	623.0	2630.0
1481	A7	C1	29	69	535.0	3201.0
1482	A11	B5	29	69	703.0	2778.0
1483	B2	A2	29	69	459.0	1418.0
1484	B2	A5	29	69	468.0	1430.0
1485	B3	B7	29	69	31.0	865.0
1486	B5	A1	29	69	354.0	1379.0
1487	B7	A2	29	69	469.0	1456.0
1488	D1	D5	29	69	92.0	748.0
1489	E1	A1	29	69	36.0	1007.0
1490	E2	E1	29	69	47.0	617.0
1491	E3	A11	29	69	49.0	1452.0
1492	E3	E2	29	69	43.0	992.0
1493	A1	B3	36	69	691.0	2577.0
1494	A2	B1	36	69	747.0	2644.0
1495	A5	B1	36	69	629.0	2963.0
1496	A5	B5	36	69	684.0	2561.0
1497	D1	E2	36	69	208.0	1512.0
1498	D2	E3	36	69	326.0	1850.0
1499	D5	E1	36	69	391.0	1694.0
1500	E1	B6	36	69	125.0	7929.0
1501	E3	D4	36	69	319.0	685.0
1502	A1	A3	43	69	68.0	1327.0
1503	A2	B4	43	69	773.0	2545.0
1504	A7	A1	43	69	93.0	1674.0
1505	A9	A2	43	69	98.0	1243.0
1506	A9	C3	43	69	525.0	3393.0
1507	C1	A9	43	69	311.0	1194.0
1508	D1	A1	43	69	116.0	379.0
1509	D1	D4	43	69	84.0	739.0
1510	A6	A2	50	69	98.0	1832.0
1511	A9	A5	50	69	88.0	566.0
1512	A10	A3	50	69	76.0	1443.0
1513	B6	B7	50	69	39.0	777.0
1514	D4	E1	50	69	327.0	1945.0
1515	E3	D1	50	69	210.0	682.0
1516	A1	D1	29	70	367.0	5004.0
1517	A7	B5	29	70	681.0	2795.0
1518	A10	B1	29	70	706.0	2509.0
1519	B2	A9	29	70	358.0	1398.0
1520	C1	A1	29	70	270.0	946.0
1521	C3	A5	29	70	392.0	1194.0
1522	D1	B5	29	70	423.0	7175.0
1523	E2	A11	29	70	44.0	1219.0
1524	A6	B1	36	70	677.0	2805.0
1525	A6	C1	36	70	591.0	3338.0
1526	A9	B2	36	70	717.0	2790.0
1527	A10	B4	36	70	781.0	2890.0
1528	B1	A6	36	70	322.0	1084.0
1529	B3	A1	36	70	460.0	1263.0
1530	B3	B6	36	70	37.0	801.0
1531	C3	A4	36	70	399.0	707.0
1532	D1	E3	36	70	358.0	1960.0
1533	D5	A11	36	70	177.0	389.0
1534	D5	E2	36	70	259.0	1669.0
1535	E2	D4	36	70	213.0	627.0
1536	E3	A8	36	70	43.0	1141.0
1537	A4	C3	43	70	676.0	3105.0
1538	A8	A3	43	70	85.0	1730.0
1539	C1	A6	43	70	292.0	1190.0
1540	D4	D1	43	70	55.0	819.0
1541	D5	D4	43	70	87.0	956.0
1542	A1	A10	50	70	81.0	1349.0
1543	A10	A1	50	70	70.0	2480.0
1544	D4	E2	50	70	285.0	1578.0
1545	E2	D1	50	70	312.0	624.0
1546	A9	B3	29	71	716.0	2564.0
1547	B1	A2	29	71	367.0	1240.0
1548	B2	A1	29	71	334.0	1170.0
1549	B2	B6	29	71	49.0	825.0
1550	B3	E1	29	71	54.0	2429.0
1551	B4	A2	29	71	428.0	1241.0
1552	B7	A1	29	71	360.0	1359.0
1553	D4	A8	29	71	144.0	372.0
1554	D5	A3	29	71	122.0	316.0
1555	E1	A11	29	71	47.0	1212.0
1556	E3	A10	29	71	37.0	897.0
1557	A3	B1	36	71	622.0	2531.0
1558	A4	A3	36	71	88.0	980.0
1559	A7	C2	36	71	622.0	3134.0
1560	A8	B1	36	71	665.0	2694.0
1561	A9	C1	36	71	588.0	3246.0
1562	A11	A3	36	71	55.0	1116.0
1563	B1	A5	36	71	357.0	1386.0
1564	B5	A5	36	71	468.0	1396.0
1565	B7	B6	36	71	37.0	668.0
1566	C3	A9	36	71	348.0	1160.0
1567	D5	E3	36	71	214.0	1924.0
1568	E1	D4	36	71	344.0	873.0
1569	E2	A8	36	71	43.0	1368.0
1570	A1	B5	43	71	614.0	2661.0
1571	A2	B2	43	71	682.0	2529.0
1572	A3	B4	43	71	734.0	2678.0
1573	A5	A3	43	71	92.0	699.0
1574	A5	B2	43	71	780.0	2563.0
1575	A8	B4	43	71	727.0	2846.0
1576	A9	A1	43	71	67.0	552.0
1577	D1	A11	43	71	163.0	345.0
1578	D5	A8	43	71	178.0	348.0
1579	A3	A10	50	71	54.0	527.0
1580	A6	A1	50	71	84.0	2315.0
1581	A8	A10	50	71	90.0	654.0
1582	B2	B3	50	71	33.0	775.0
1583	B3	D1	50	71	284.0	931.0
1584	E1	D1	50	71	367.0	693.0
1585	E3	D2	50	71	259.0	876.0
1586	E3	D3	50	71	399.0	634.0
1587	A3	A1	57	71	61.0	1968.0
1588	A4	A9	57	71	57.0	2114.0
1589	A6	A5	57	71	76.0	1975.0
1590	A7	A4	57	71	51.0	2304.0
1591	A9	A6	57	71	94.0	1933.0
1592	D1	D3	57	71	54.0	936.0
1593	D5	D1	57	71	68.0	982.0
1594	E1	E2	57	71	35.0	874.0
1595	E2	E3	57	71	40.0	956.0
1596	A9	B5	29	72	612.0	2709.0
1597	A11	B1	29	72	647.0	2700.0
1598	B3	E2	29	72	73.0	2938.0
1599	B6	D4	29	72	277.0	611.0
1600	B7	E1	29	72	71.0	2505.0
1601	C1	C2	29	72	39.0	770.0
1602	D5	B4	29	72	429.0	7177.0
1603	E2	A10	29	72	49.0	1133.0
1604	A2	B3	36	72	663.0	2994.0
1605	A4	B1	36	72	733.0	2661.0
1606	A4	B4	36	72	666.0	2501.0
1607	A4	C1	36	72	667.0	3180.0
1608	A5	B3	36	72	792.0	2531.0
1609	A6	B5	36	72	730.0	2964.0
1610	A7	A3	36	72	67.0	1240.0
1611	A10	B2	36	72	766.0	2756.0
1612	A11	B4	36	72	707.0	2709.0
1613	B1	A9	36	72	402.0	1129.0
1614	B2	A7	36	72	308.0	1314.0
1615	B3	A11	36	72	337.0	1060.0
1616	B3	D4	36	72	383.0	995.0
1617	B4	A6	36	72	424.0	1029.0
1618	C3	A6	36	72	379.0	1059.0
1619	D1	A3	36	72	168.0	369.0
1620	D2	B7	36	72	457.0	7232.0
1621	D5	A10	36	72	172.0	397.0
1622	E1	A8	36	72	42.0	1148.0
1623	E3	A2	36	72	49.0	1120.0
1624	A4	A10	43	72	97.0	503.0
1625	A5	B4	43	72	677.0	2521.0
1626	A6	B2	43	72	625.0	2777.0
1627	A6	C2	43	72	638.0	3083.0
1628	A11	A10	43	72	91.0	2196.0
1629	B2	D1	43	72	303.0	644.0
1630	B6	D5	43	72	236.0	682.0
1631	D3	B7	43	72	440.0	7391.0
1632	D3	E1	43	72	288.0	1906.0
1633	D4	D2	43	72	83.0	804.0
1634	D4	D3	43	72	68.0	559.0
1635	A2	A3	50	72	51.0	2479.0
1636	A5	A10	50	72	71.0	2006.0
1637	C3	C1	50	72	36.0	996.0
1638	D1	A8	50	72	181.0	324.0
1639	D5	D2	50	72	58.0	575.0
1640	E2	D2	50	72	374.0	777.0
1641	E2	D3	50	72	322.0	870.0
1642	A2	A1	57	72	95.0	1283.0
1643	A4	A6	57	72	78.0	2062.0
1644	A8	A2	57	72	51.0	1027.0
1645	D1	D2	57	72	76.0	670.0
1646	D2	D3	57	72	88.0	814.0
1647	D5	D3	57	72	91.0	634.0
1648	E1	E3	57	72	31.0	669.0
1649	A1	D2	29	73	278.0	5028.0
1650	A1	D3	29	73	261.0	5015.0
1651	A2	D1	29	73	339.0	5063.0
1652	A5	D1	29	73	331.0	5096.0
1653	A10	B3	29	73	767.0	2728.0
1654	B1	A1	29	73	302.0	1016.0
1655	B2	A11	29	73	309.0	1090.0
1656	B2	D4	29	73	344.0	740.0
1657	B3	A3	29	73	308.0	1200.0
1658	B3	E3	29	73	55.0	2085.0
1659	B4	A1	29	73	367.0	1146.0
1660	B5	A10	29	73	312.0	1412.0
1661	B6	A8	29	73	458.0	1114.0
1662	B7	A11	29	73	359.0	1207.0
1663	B7	E2	29	73	58.0	2519.0
1664	C2	A2	29	73	285.0	1147.0
1665	C2	C3	29	73	33.0	580.0
1666	D1	B1	29	73	404.0	7000.0
1667	D4	A2	29	73	113.0	381.0
1668	E1	A10	29	73	31.0	576.0
1669	A6	B3	36	73	774.0	2584.0
1670	A7	B1	36	73	684.0	2512.0
1671	A7	B4	36	73	769.0	2845.0
1672	B2	A4	36	73	368.0	1064.0
1673	B7	D4	36	73	374.0	902.0
1674	C2	A5	36	73	267.0	907.0
1675	D1	B4	36	73	498.0	7205.0
1676	D3	D1	36	73	68.0	776.0
1677	E2	A2	36	73	38.0	1258.0
1678	E3	B7	36	73	107.0	7768.0
1679	A1	B1	43	73	774.0	2829.0
1680	A2	B5	43	73	658.0	2791.0
1681	A3	B2	43	73	749.0	2572.0
1682	A7	A10	43	73	90.0	954.0
1683	A8	B2	43	73	697.0	2877.0
1684	A9	C2	43	73	551.0	3014.0
1685	B3	A8	43	73	396.0	1380.0
1686	B6	D1	43	73	365.0	561.0
1687	C2	A4	43	73	279.0	1116.0
1688	D1	A10	43	73	130.0	336.0
1689	D1	B7	43	73	464.0	7414.0
1690	D2	B6	43	73	483.0	7231.0
1691	D3	E2	43	73	367.0	1799.0
1692	D5	A2	43	73	194.0	382.0
1693	A4	A2	50	73	70.0	2487.0
1694	A11	A2	50	73	87.0	1629.0
1695	B7	D5	50	73	348.0	769.0
1696	D3	B6	50	73	459.0	7170.0
1697	D3	D4	50	73	81.0	767.0
1698	E1	D2	50	73	289.0	707.0
1699	E1	D3	50	73	351.0	866.0
1700	A2	A10	57	73	93.0	1750.0
1701	A4	A5	57	73	64.0	699.0
1702	A5	A2	57	73	58.0	1608.0
1703	A7	A6	57	73	69.0	1714.0
1704	A8	A11	57	73	54.0	2067.0
1705	A6	D1	29	74	281.0	5207.0
1706	B3	B4	29	74	40.0	788.0
1707	B5	C3	29	74	447.0	4308.0
1708	B7	E3	29	74	72.0	2143.0
1709	C1	A10	29	74	226.0	1082.0
1710	D4	B7	29	74	308.0	7021.0
1711	D5	B2	29	74	438.0	7268.0
1712	A3	B3	36	74	724.0	2628.0
1713	A8	B3	36	74	652.0	2616.0
1714	A9	A3	36	74	99.0	2227.0
1715	A10	B5	36	74	661.0	2995.0
1716	A11	B2	36	74	791.0	2636.0
1717	B2	A8	36	74	498.0	1464.0
1718	B3	A10	36	74	389.0	1258.0
1719	B5	A2	36	74	465.0	1389.0
1720	B6	D2	36	74	291.0	553.0
1721	B7	A8	36	74	398.0	1378.0
1722	E1	A2	36	74	33.0	1100.0
1723	E2	B7	36	74	170.0	7971.0
1724	E3	A1	36	74	45.0	600.0
1725	A4	B2	43	74	757.0	2723.0
1726	A4	C2	43	74	647.0	3292.0
1727	A6	A3	43	74	66.0	1705.0
1728	A7	C3	43	74	603.0	3066.0
1729	B1	A7	43	74	471.0	1423.0
1730	B6	D3	43	74	278.0	909.0
1731	C2	A9	43	74	304.0	1114.0
1732	D2	E1	43	74	326.0	1668.0
1733	D3	E3	43	74	210.0	1876.0
1734	D5	B7	43	74	460.0	7045.0
1735	E3	B6	43	74	190.0	7560.0
1736	A1	B4	50	74	619.0	2956.0
1737	A7	A2	50	74	54.0	2045.0
1738	A10	A2	50	74	61.0	1156.0
1739	B3	D2	50	74	347.0	614.0
1740	B3	D3	50	74	322.0	834.0
1741	B7	D1	50	74	270.0	982.0
1742	D1	A2	50	74	193.0	325.0
1743	D1	B6	50	74	473.0	7279.0
1744	A1	A2	57	74	55.0	1092.0
1745	A7	A5	57	74	61.0	1039.0
1746	A8	A1	57	74	60.0	626.0
1747	A11	A8	57	74	87.0	1450.0
1748	B4	B5	57	74	45.0	756.0
1749	C3	C2	57	74	44.0	993.0
1750	A4	B3	36	75	780.0	2694.0
1751	A9	B1	36	75	774.0	2760.0
1752	A9	B4	36	75	712.0	2775.0
1753	B2	A6	36	75	373.0	1396.0
1754	B4	A5	36	75	327.0	1118.0
1755	C1	A2	36	75	371.0	1158.0
1756	C1	C3	36	75	42.0	839.0
1757	D1	B2	36	75	428.0	7033.0
1758	D2	D1	36	75	76.0	789.0
1759	D3	D2	36	75	61.0	823.0
1760	D3	D5	36	75	93.0	835.0
1761	D4	B6	36	75	301.0	7256.0
1762	E1	B7	36	75	125.0	8258.0
1763	E2	A1	36	75	41.0	687.0
1764	E3	E1	36	75	35.0	726.0
1765	A3	B5	43	75	642.0	2670.0
1766	A6	B4	43	75	712.0	2987.0
1767	A7	B2	43	75	683.0	2635.0
1768	A8	B5	43	75	673.0	2670.0
1769	A9	A10	43	75	98.0	1545.0
1770	B1	A4	43	75	460.0	1225.0
1771	B2	D2	43	75	292.0	652.0
1772	B2	D3	43	75	294.0	787.0
1773	B3	A2	43	75	437.0	1420.0
1774	B5	A6	43	75	496.0	1033.0
1775	B7	D2	43	75	285.0	662.0
1776	C1	A5	43	75	299.0	739.0
1777	C2	A6	43	75	396.0	1088.0
1778	D1	E1	43	75	270.0	1773.0
1779	D2	E2	43	75	211.0	1808.0
1780	D5	A1	43	75	123.0	364.0
1781	E2	B6	43	75	126.0	7971.0
1782	A1	B2	50	75	722.0	2756.0
1783	A4	A1	50	75	54.0	1265.0
1784	A6	A10	50	75	71.0	512.0
1785	A6	C3	50	75	613.0	3122.0
1786	A11	A1	50	75	84.0	2428.0
1787	B7	D3	50	75	377.0	540.0
1788	C1	A4	50	75	268.0	911.0
1789	D2	D4	50	75	65.0	738.0
1790	D5	B6	50	75	351.0	7003.0
1791	A3	A2	57	75	63.0	1138.0
1792	A5	A1	57	75	64.0	2127.0
1793	A7	A9	57	75	92.0	2083.0
1794	B2	B1	57	75	37.0	943.0
1795	C2	C1	57	75	44.0	709.0
1796	A4	B5	36	76	718.0	2771.0
1797	A7	B3	36	76	755.0	2930.0
1798	A7	C1	36	76	500.0	3335.0
1799	A11	B5	36	76	622.0	2528.0
1800	B2	A2	36	76	440.0	1180.0
1801	B2	A5	36	76	418.0	1138.0
1802	B3	B7	36	76	49.0	552.0
1803	B5	A1	36	76	342.0	1292.0
1804	B7	A2	36	76	433.0	1075.0
1805	D1	D5	36	76	51.0	644.0
1806	E1	A1	36	76	32.0	994.0
1807	E2	E1	36	76	32.0	958.0
1808	E3	A11	36	76	31.0	950.0
1809	E3	E2	36	76	31.0	691.0
1810	A1	B3	43	76	732.0	2829.0
1811	A2	B1	43	76	661.0	2556.0
1812	A5	B1	43	76	799.0	2964.0
1813	A5	B5	43	76	770.0	2983.0
1814	D1	E2	43	76	237.0	1646.0
1815	D2	E3	43	76	270.0	1527.0
1816	D5	E1	43	76	213.0	1627.0
1817	E1	B6	43	76	133.0	8165.0
1818	E3	D4	43	76	380.0	631.0
1819	A1	A3	50	76	67.0	2085.0
1820	A2	B4	50	76	616.0	2527.0
1821	A7	A1	50	76	52.0	2459.0
1822	A9	A2	50	76	82.0	1930.0
1823	A9	C3	50	76	540.0	3257.0
1824	C1	A9	50	76	211.0	1153.0
1825	D1	A1	50	76	110.0	331.0
1826	D1	D4	50	76	68.0	501.0
1827	A6	A2	57	76	98.0	890.0
1828	A9	A5	57	76	94.0	1599.0
1829	A10	A3	57	76	98.0	1730.0
1830	B6	B7	57	76	44.0	893.0
1831	D4	E1	57	76	322.0	1680.0
1832	E3	D1	57	76	300.0	877.0
1833	A1	D1	36	77	242.0	5075.0
1834	A7	B5	36	77	722.0	2924.0
1835	A10	B1	36	77	677.0	2777.0
1836	B2	A9	36	77	428.0	1276.0
1837	C1	A1	36	77	351.0	776.0
1838	C3	A5	36	77	370.0	936.0
1839	D1	B5	36	77	454.0	7210.0
1840	E2	A11	36	77	36.0	1261.0
1841	A6	B1	43	77	739.0	2675.0
1842	A6	C1	43	77	596.0	3206.0
1843	A9	B2	43	77	760.0	2746.0
1844	A10	B4	43	77	756.0	2996.0
1845	B1	A6	43	77	405.0	1317.0
1846	B3	A1	43	77	337.0	1398.0
1847	B3	B6	43	77	32.0	557.0
1848	C3	A4	43	77	292.0	993.0
1849	D1	E3	43	77	258.0	1683.0
1850	D5	A11	43	77	193.0	352.0
1851	D5	E2	43	77	217.0	1540.0
1852	E2	D4	43	77	250.0	589.0
1853	E3	A8	43	77	34.0	588.0
1854	A4	C3	50	77	667.0	3488.0
1855	A8	A3	50	77	96.0	2294.0
1856	C1	A6	50	77	231.0	1105.0
1857	D4	D1	50	77	84.0	802.0
1858	D5	D4	50	77	87.0	541.0
1859	A1	A10	57	77	74.0	2055.0
1860	A10	A1	57	77	96.0	2110.0
1861	D4	E2	57	77	300.0	1876.0
1862	E2	D1	57	77	241.0	553.0
1863	A9	B3	36	78	652.0	2889.0
1864	B1	A2	36	78	407.0	1414.0
1865	B2	A1	36	78	325.0	1148.0
1866	B2	B6	36	78	42.0	837.0
1867	B3	E1	36	78	89.0	2675.0
1868	B4	A2	36	78	386.0	1422.0
1869	B7	A1	36	78	322.0	1374.0
1870	D4	A8	36	78	192.0	387.0
1871	D5	A3	36	78	141.0	346.0
1872	E1	A11	36	78	48.0	1392.0
1873	E3	A10	36	78	46.0	606.0
1874	A3	B1	43	78	611.0	2752.0
1875	A4	A3	43	78	64.0	1762.0
1876	A7	C2	43	78	517.0	3439.0
1877	A8	B1	43	78	695.0	2870.0
1878	A9	C1	43	78	684.0	3396.0
1879	A11	A3	43	78	84.0	1630.0
1880	B1	A5	43	78	370.0	1418.0
1881	B5	A5	43	78	447.0	1484.0
1882	B7	B6	43	78	45.0	552.0
1883	C3	A9	43	78	283.0	1060.0
1884	D5	E3	43	78	246.0	1662.0
1885	E1	D4	43	78	344.0	527.0
1886	E2	A8	43	78	33.0	1018.0
1887	A1	B5	50	78	755.0	2719.0
1888	A2	B2	50	78	603.0	2968.0
1889	A3	B4	50	78	601.0	2815.0
1890	A5	A3	50	78	95.0	1115.0
1891	A5	B2	50	78	628.0	2774.0
1892	A8	B4	50	78	731.0	2535.0
1893	A9	A1	50	78	92.0	2091.0
1894	D1	A11	50	78	154.0	363.0
1895	D5	A8	50	78	143.0	310.0
1896	A3	A10	57	78	85.0	1394.0
1897	A6	A1	57	78	97.0	1351.0
1898	A8	A10	57	78	78.0	574.0
1899	B2	B3	57	78	47.0	955.0
1900	B3	D1	57	78	292.0	512.0
1901	E1	D1	57	78	280.0	699.0
1902	E3	D2	57	78	237.0	763.0
1903	E3	D3	57	78	345.0	872.0
1904	A3	A1	64	78	63.0	1079.0
1905	A4	A9	64	78	80.0	2057.0
1906	A6	A5	64	78	65.0	1213.0
1907	A7	A4	64	78	61.0	1099.0
1908	A9	A6	64	78	99.0	656.0
1909	D1	D3	64	78	64.0	596.0
1910	D5	D1	64	78	61.0	884.0
1911	E1	E2	64	78	40.0	680.0
1912	E2	E3	64	78	30.0	703.0
1913	A9	B5	36	79	779.0	2957.0
1914	A11	B1	36	79	613.0	2659.0
1915	B3	E2	36	79	74.0	2749.0
1916	B6	D4	36	79	232.0	984.0
1917	B7	E1	36	79	55.0	2407.0
1918	C1	C2	36	79	49.0	772.0
1919	D5	B4	36	79	460.0	7474.0
1920	E2	A10	36	79	36.0	771.0
1921	A2	B3	43	79	649.0	2655.0
1922	A4	B1	43	79	754.0	2547.0
1923	A4	B4	43	79	724.0	2771.0
1924	A4	C1	43	79	693.0	3283.0
1925	A5	B3	43	79	708.0	2584.0
1926	A6	B5	43	79	649.0	2803.0
1927	A7	A3	43	79	88.0	2164.0
1928	A10	B2	43	79	781.0	2531.0
1929	A11	B4	43	79	772.0	2675.0
1930	B1	A9	43	79	407.0	1445.0
1931	B2	A7	43	79	306.0	1132.0
1932	B3	A11	43	79	359.0	1029.0
1933	B3	D4	43	79	262.0	981.0
1934	B4	A6	43	79	370.0	1138.0
1935	C3	A6	43	79	245.0	982.0
1936	D1	A3	43	79	147.0	399.0
1937	D2	B7	43	79	419.0	7360.0
1938	D5	A10	43	79	162.0	314.0
1939	E1	A8	43	79	33.0	1183.0
1940	E3	A2	43	79	47.0	1050.0
1941	A4	A10	50	79	64.0	638.0
1942	A5	B4	50	79	652.0	2987.0
1943	A6	B2	50	79	722.0	2971.0
1944	A6	C2	50	79	521.0	3152.0
1945	A11	A10	50	79	62.0	531.0
1946	B2	D1	50	79	361.0	754.0
1947	B6	D5	50	79	315.0	505.0
1948	D3	B7	50	79	446.0	7285.0
1949	D3	E1	50	79	203.0	1735.0
1950	D4	D2	50	79	64.0	889.0
1951	D4	D3	50	79	53.0	800.0
1952	A2	A3	57	79	86.0	1333.0
1953	A5	A10	57	79	81.0	636.0
1954	C3	C1	57	79	42.0	567.0
1955	D1	A8	57	79	181.0	398.0
1956	D5	D2	57	79	74.0	502.0
1957	E2	D2	57	79	292.0	867.0
1958	E2	D3	57	79	205.0	768.0
1959	A2	A1	64	79	76.0	1957.0
1960	A4	A6	64	79	83.0	1991.0
1961	A8	A2	64	79	97.0	1523.0
1962	D1	D2	64	79	97.0	856.0
1963	D2	D3	64	79	97.0	650.0
1964	D5	D3	64	79	72.0	954.0
1965	E1	E3	64	79	33.0	685.0
1966	A1	D2	36	80	354.0	5493.0
1967	A1	D3	36	80	316.0	5178.0
1968	A2	D1	36	80	203.0	5335.0
1969	A5	D1	36	80	202.0	5026.0
1970	A10	B3	36	80	723.0	2911.0
1971	B1	A1	36	80	482.0	1459.0
1972	B2	A11	36	80	370.0	1380.0
1973	B2	D4	36	80	341.0	574.0
1974	B3	A3	36	80	345.0	1221.0
1975	B3	E3	36	80	74.0	2764.0
1976	B4	A1	36	80	359.0	1085.0
1977	B5	A10	36	80	457.0	1485.0
1978	B6	A8	36	80	342.0	1026.0
1979	B7	A11	36	80	354.0	1341.0
1980	B7	E2	36	80	98.0	2604.0
1981	C2	A2	36	80	265.0	1154.0
1982	C2	C3	36	80	44.0	746.0
1983	D1	B1	36	80	480.0	7235.0
1984	D4	A2	36	80	175.0	361.0
1985	E1	A10	36	80	44.0	846.0
1986	A6	B3	43	80	764.0	2707.0
1987	A7	B1	43	80	605.0	2900.0
1988	A7	B4	43	80	681.0	2807.0
1989	B2	A4	43	80	318.0	1162.0
1990	B7	D4	43	80	315.0	621.0
1991	C2	A5	43	80	350.0	864.0
1992	D1	B4	43	80	309.0	7108.0
1993	D3	D1	43	80	70.0	751.0
1994	E2	A2	43	80	34.0	1043.0
1995	E3	B7	43	80	177.0	8186.0
1996	A1	B1	50	80	625.0	2783.0
1997	A2	B5	50	80	662.0	2575.0
1998	A3	B2	50	80	644.0	2793.0
1999	A7	A10	50	80	93.0	938.0
2000	A8	B2	50	80	718.0	2824.0
2001	A9	C2	50	80	512.0	3088.0
2002	B3	A8	50	80	485.0	1086.0
2003	B6	D1	50	80	366.0	811.0
2004	C2	A4	50	80	368.0	1057.0
2005	D1	A10	50	80	109.0	344.0
2006	D1	B7	50	80	345.0	7016.0
2007	D2	B6	50	80	460.0	7416.0
2008	D3	E2	50	80	240.0	1656.0
2009	D5	A2	50	80	127.0	390.0
2010	A4	A2	57	80	72.0	1305.0
2011	A11	A2	57	80	92.0	2103.0
2012	B7	D5	57	80	397.0	792.0
2013	D3	B6	57	80	404.0	7126.0
2014	D3	D4	57	80	56.0	766.0
2015	E1	D2	57	80	245.0	531.0
2016	E1	D3	57	80	292.0	890.0
2017	A2	A10	64	80	85.0	797.0
2018	A4	A5	64	80	87.0	1010.0
2019	A5	A2	64	80	65.0	862.0
2020	A7	A6	64	80	57.0	859.0
2021	A8	A11	64	80	91.0	1029.0
2022	A6	D1	36	81	268.0	5438.0
2023	B3	B4	36	81	43.0	743.0
2024	B5	C3	36	81	380.0	4875.0
2025	B7	E3	36	81	96.0	2614.0
2026	C1	A10	36	81	350.0	703.0
2027	D4	B7	36	81	389.0	7358.0
2028	D5	B2	36	81	314.0	7040.0
2029	A3	B3	43	81	636.0	2983.0
2030	A8	B3	43	81	735.0	2551.0
2031	A9	A3	43	81	95.0	1391.0
2032	A10	B5	43	81	769.0	2969.0
2033	A11	B2	43	81	641.0	2663.0
2034	B2	A8	43	81	499.0	1407.0
2035	B3	A10	43	81	341.0	1213.0
2036	B5	A2	43	81	402.0	1490.0
2037	B6	D2	43	81	304.0	868.0
2038	B7	A8	43	81	301.0	1225.0
2039	E1	A2	43	81	38.0	728.0
2040	E2	B7	43	81	108.0	8235.0
2041	E3	A1	43	81	41.0	1404.0
2042	A4	B2	50	81	690.0	2559.0
2043	A4	C2	50	81	607.0	3401.0
2044	A6	A3	50	81	90.0	715.0
2045	A7	C3	50	81	690.0	3212.0
2046	B1	A7	50	81	410.0	1177.0
2047	B6	D3	50	81	356.0	921.0
2048	C2	A9	50	81	257.0	967.0
2049	D2	E1	50	81	326.0	1782.0
2050	D3	E3	50	81	274.0	1669.0
2051	D5	B7	50	81	442.0	7040.0
2052	E3	B6	50	81	130.0	7566.0
2053	A1	B4	57	81	647.0	2957.0
2054	A7	A2	57	81	65.0	2419.0
2055	A10	A2	57	81	96.0	2290.0
2056	B3	D2	57	81	223.0	918.0
2057	B3	D3	57	81	368.0	676.0
2058	B7	D1	57	81	289.0	675.0
2059	D1	A2	57	81	101.0	384.0
2060	D1	B6	57	81	355.0	7298.0
2061	A1	A2	64	81	90.0	779.0
2062	A7	A5	64	81	55.0	1855.0
2063	A8	A1	64	81	72.0	616.0
2064	A11	A8	64	81	59.0	1052.0
2065	B4	B5	64	81	39.0	543.0
2066	C3	C2	64	81	46.0	624.0
2067	A4	B3	43	82	686.0	2749.0
2068	A9	B1	43	82	799.0	2866.0
2069	A9	B4	43	82	773.0	2545.0
2070	B2	A6	43	82	448.0	1143.0
2071	B4	A5	43	82	465.0	1322.0
2072	C1	A2	43	82	335.0	784.0
2073	C1	C3	43	82	47.0	767.0
2074	D1	B2	43	82	431.0	7446.0
2075	D2	D1	43	82	87.0	523.0
2076	D3	D2	43	82	56.0	935.0
2077	D3	D5	43	82	54.0	640.0
2078	D4	B6	43	82	469.0	7028.0
2079	E1	B7	43	82	144.0	8271.0
2080	E2	A1	43	82	45.0	733.0
2081	E3	E1	43	82	45.0	653.0
2082	A3	B5	50	82	639.0	2871.0
2083	A6	B4	50	82	713.0	2886.0
2084	A7	B2	50	82	648.0	2628.0
2085	A8	B5	50	82	668.0	2595.0
2086	A9	A10	50	82	89.0	1317.0
2087	B1	A4	50	82	468.0	1313.0
2088	B2	D2	50	82	285.0	979.0
2089	B2	D3	50	82	306.0	989.0
2090	B3	A2	50	82	440.0	1238.0
2091	B5	A6	50	82	472.0	1114.0
2092	B7	D2	50	82	363.0	690.0
2093	C1	A5	50	82	390.0	793.0
2094	C2	A6	50	82	244.0	1008.0
2095	D1	E1	50	82	311.0	1668.0
2096	D2	E2	50	82	308.0	1573.0
2097	D5	A1	50	82	161.0	392.0
2098	E2	B6	50	82	186.0	8389.0
2099	A1	B2	57	82	670.0	2546.0
2100	A4	A1	57	82	59.0	2039.0
2101	A6	A10	57	82	56.0	1320.0
2102	A6	C3	57	82	663.0	3022.0
2103	A11	A1	57	82	63.0	2327.0
2104	B7	D3	57	82	382.0	553.0
2105	C1	A4	57	82	204.0	890.0
2106	D2	D4	57	82	91.0	795.0
2107	D5	B6	57	82	378.0	7176.0
2108	A3	A2	64	82	53.0	1927.0
2109	A5	A1	64	82	92.0	770.0
2110	A7	A9	64	82	77.0	1308.0
2111	B2	B1	64	82	40.0	914.0
2112	C2	C1	64	82	40.0	500.0
2113	A4	B5	43	83	755.0	2618.0
2114	A7	B3	43	83	791.0	2985.0
2115	A7	C1	43	83	655.0	3181.0
2116	A11	B5	43	83	610.0	2689.0
2117	B2	A2	43	83	483.0	1054.0
2118	B2	A5	43	83	338.0	1285.0
2119	B3	B7	43	83	44.0	830.0
2120	B5	A1	43	83	337.0	1436.0
2121	B7	A2	43	83	426.0	1020.0
2122	D1	D5	43	83	54.0	981.0
2123	E1	A1	43	83	30.0	730.0
2124	E2	E1	43	83	41.0	923.0
2125	E3	A11	43	83	39.0	853.0
2126	E3	E2	43	83	36.0	706.0
2127	A1	B3	50	83	764.0	2674.0
2128	A2	B1	50	83	637.0	2910.0
2129	A5	B1	50	83	718.0	2864.0
2130	A5	B5	50	83	718.0	2542.0
2131	D1	E2	50	83	301.0	1528.0
2132	D2	E3	50	83	201.0	1776.0
2133	D5	E1	50	83	332.0	1975.0
2134	E1	B6	50	83	162.0	7671.0
2135	E3	D4	50	83	230.0	771.0
2136	A1	A3	57	83	87.0	2154.0
2137	A2	B4	57	83	757.0	2790.0
2138	A7	A1	57	83	90.0	1040.0
2139	A9	A2	57	83	59.0	1550.0
2140	A9	C3	57	83	503.0	3322.0
2141	C1	A9	57	83	364.0	845.0
2142	D1	A1	57	83	164.0	386.0
2143	D1	D4	57	83	97.0	778.0
2144	A6	A2	64	83	79.0	2015.0
2145	A9	A5	64	83	56.0	2292.0
2146	A10	A3	64	83	71.0	2462.0
2147	B6	B7	64	83	31.0	666.0
2148	D4	E1	64	83	244.0	1869.0
2149	E3	D1	64	83	351.0	650.0
2150	A1	D1	43	84	362.0	5126.0
2151	A7	B5	43	84	624.0	2706.0
2152	A10	B1	43	84	730.0	2510.0
2153	B2	A9	43	84	368.0	1446.0
2154	C1	A1	43	84	237.0	755.0
2155	C3	A5	43	84	284.0	1188.0
2156	D1	B5	43	84	327.0	7302.0
2157	E2	A11	43	84	41.0	635.0
2158	A6	B1	50	84	602.0	2885.0
2159	A6	C1	50	84	633.0	3242.0
2160	A9	B2	50	84	692.0	2690.0
2161	A10	B4	50	84	735.0	2665.0
2162	B1	A6	50	84	396.0	1080.0
2163	B3	A1	50	84	386.0	1192.0
2164	B3	B6	50	84	34.0	620.0
2165	C3	A4	50	84	305.0	1129.0
2166	D1	E3	50	84	260.0	1546.0
2167	D5	A11	50	84	128.0	323.0
2168	D5	E2	50	84	387.0	1718.0
2169	E2	D4	50	84	224.0	674.0
2170	E3	A8	50	84	36.0	722.0
2171	A4	C3	57	84	678.0	3446.0
2172	A8	A3	57	84	67.0	2241.0
2173	C1	A6	57	84	322.0	987.0
2174	D4	D1	57	84	64.0	828.0
2175	D5	D4	57	84	85.0	788.0
2176	A1	A10	64	84	89.0	1013.0
2177	A10	A1	64	84	64.0	586.0
2178	D4	E2	64	84	238.0	1610.0
2179	E2	D1	64	84	282.0	533.0
2180	A9	B3	43	85	688.0	2674.0
2181	B1	A2	43	85	492.0	1278.0
2182	B2	A1	43	85	422.0	1376.0
2183	B2	B6	43	85	33.0	634.0
2184	B3	E1	43	85	63.0	2675.0
2185	B4	A2	43	85	442.0	1123.0
2186	B7	A1	43	85	362.0	1479.0
2187	D4	A8	43	85	123.0	388.0
2188	D5	A3	43	85	139.0	347.0
2189	E1	A11	43	85	30.0	1320.0
2190	E3	A10	43	85	49.0	1149.0
2191	A3	B1	50	85	726.0	2994.0
2192	A4	A3	50	85	80.0	2006.0
2193	A7	C2	50	85	666.0	3022.0
2194	A8	B1	50	85	742.0	2722.0
2195	A9	C1	50	85	685.0	3368.0
2196	A11	A3	50	85	57.0	1921.0
2197	B1	A5	50	85	438.0	1349.0
2198	B5	A5	50	85	415.0	1119.0
2199	B7	B6	50	85	33.0	725.0
2200	C3	A9	50	85	360.0	1145.0
2201	D5	E3	50	85	295.0	1758.0
2202	E1	D4	50	85	348.0	500.0
2203	E2	A8	50	85	42.0	1334.0
2204	A1	B5	57	85	652.0	2916.0
2205	A2	B2	57	85	613.0	2933.0
2206	A3	B4	57	85	742.0	2867.0
2207	A5	A3	57	85	99.0	768.0
2208	A5	B2	57	85	605.0	2554.0
2209	A8	B4	57	85	603.0	2589.0
2210	A9	A1	57	85	72.0	1810.0
2211	D1	A11	57	85	102.0	338.0
2212	D5	A8	57	85	141.0	396.0
2213	A3	A10	64	85	60.0	1207.0
2214	A6	A1	64	85	99.0	2293.0
2215	A8	A10	64	85	89.0	727.0
2216	B2	B3	64	85	38.0	991.0
2217	B3	D1	64	85	378.0	840.0
2218	E1	D1	64	85	266.0	664.0
2219	E3	D2	64	85	214.0	584.0
2220	E3	D3	64	85	295.0	759.0
2221	A3	A1	71	85	79.0	530.0
2222	A4	A9	71	85	94.0	1079.0
2223	A6	A5	71	85	82.0	1470.0
2224	A7	A4	71	85	75.0	1987.0
2225	A9	A6	71	85	96.0	892.0
2226	D1	D3	71	85	96.0	649.0
2227	D5	D1	71	85	67.0	985.0
2228	E1	E2	71	85	40.0	799.0
2229	E2	E3	71	85	37.0	996.0
2230	A9	B5	43	86	697.0	2540.0
2231	A11	B1	43	86	642.0	2942.0
2232	B3	E2	43	86	50.0	2032.0
2233	B6	D4	43	86	208.0	526.0
2234	B7	E1	43	86	94.0	2448.0
2235	C1	C2	43	86	31.0	655.0
2236	D5	B4	43	86	400.0	7118.0
2237	E2	A10	43	86	41.0	1132.0
2238	A2	B3	50	86	771.0	2935.0
2239	A4	B1	50	86	702.0	2809.0
2240	A4	B4	50	86	667.0	2910.0
2241	A4	C1	50	86	628.0	3041.0
2242	A5	B3	50	86	755.0	2900.0
2243	A6	B5	50	86	782.0	2532.0
2244	A7	A3	50	86	80.0	707.0
2245	A10	B2	50	86	615.0	2692.0
2246	A11	B4	50	86	720.0	2529.0
2247	B1	A9	50	86	301.0	1433.0
2248	B2	A7	50	86	351.0	1494.0
2249	B3	A11	50	86	389.0	1095.0
2250	B3	D4	50	86	288.0	924.0
2251	B4	A6	50	86	368.0	1210.0
2252	C3	A6	50	86	297.0	745.0
2253	D1	A3	50	86	114.0	317.0
2254	D2	B7	50	86	497.0	7121.0
2255	D5	A10	50	86	132.0	351.0
2256	E1	A8	50	86	39.0	563.0
2257	E3	A2	50	86	32.0	1147.0
2258	A4	A10	57	86	53.0	804.0
2259	A5	B4	57	86	782.0	2838.0
2260	A6	B2	57	86	658.0	2662.0
2261	A6	C2	57	86	556.0	3369.0
2262	A11	A10	57	86	60.0	821.0
2263	B2	D1	57	86	228.0	526.0
2264	B6	D5	57	86	279.0	807.0
2265	D3	B7	57	86	314.0	7302.0
2266	D3	E1	57	86	352.0	1867.0
2267	D4	D2	57	86	95.0	697.0
2268	D4	D3	57	86	59.0	539.0
2269	A2	A3	64	86	70.0	1398.0
2270	A5	A10	64	86	63.0	1818.0
2271	C3	C1	64	86	46.0	550.0
2272	D1	A8	64	86	155.0	381.0
2273	D5	D2	64	86	68.0	670.0
2274	E2	D2	64	86	379.0	878.0
2275	E2	D3	64	86	209.0	695.0
2276	A2	A1	71	86	50.0	700.0
2277	A4	A6	71	86	61.0	685.0
2278	A8	A2	71	86	53.0	899.0
2279	D1	D2	71	86	62.0	504.0
2280	D2	D3	71	86	73.0	834.0
2281	D5	D3	71	86	81.0	854.0
2282	E1	E3	71	86	48.0	992.0
2283	A1	D2	43	87	296.0	5044.0
2284	A1	D3	43	87	252.0	5423.0
2285	A2	D1	43	87	216.0	5067.0
2286	A5	D1	43	87	201.0	5200.0
2287	A10	B3	43	87	641.0	2530.0
2288	B1	A1	43	87	321.0	1182.0
2289	B2	A11	43	87	493.0	1168.0
2290	B2	D4	43	87	224.0	764.0
2291	B3	A3	43	87	480.0	1354.0
2292	B3	E3	43	87	61.0	2131.0
2293	B4	A1	43	87	485.0	1477.0
2294	B5	A10	43	87	457.0	1058.0
2295	B6	A8	43	87	332.0	1394.0
2296	B7	A11	43	87	434.0	1172.0
2297	B7	E2	43	87	56.0	2024.0
2298	C2	A2	43	87	281.0	891.0
2299	C2	C3	43	87	49.0	904.0
2300	D1	B1	43	87	421.0	7342.0
2301	D4	A2	43	87	189.0	354.0
2302	E1	A10	43	87	46.0	1052.0
2303	A6	B3	50	87	720.0	2933.0
2304	A7	B1	50	87	628.0	2742.0
2305	A7	B4	50	87	712.0	2936.0
2306	B2	A4	50	87	397.0	1116.0
2307	B7	D4	50	87	330.0	835.0
2308	C2	A5	50	87	204.0	756.0
2309	D1	B4	50	87	466.0	7099.0
2310	D3	D1	50	87	91.0	949.0
2311	E2	A2	50	87	42.0	614.0
2312	E3	B7	50	87	102.0	8462.0
2313	A1	B1	57	87	731.0	2818.0
2314	A2	B5	57	87	606.0	2537.0
2315	A3	B2	57	87	651.0	2521.0
2316	A7	A10	57	87	58.0	2066.0
2317	A8	B2	57	87	706.0	2823.0
2318	A9	C2	57	87	685.0	3017.0
2319	B3	A8	57	87	321.0	1045.0
2320	B6	D1	57	87	383.0	635.0
2321	C2	A4	57	87	382.0	1104.0
2322	D1	A10	57	87	188.0	308.0
2323	D1	B7	57	87	305.0	7356.0
2324	D2	B6	57	87	486.0	7052.0
2325	D3	E2	57	87	377.0	1600.0
2326	D5	A2	57	87	198.0	372.0
2327	A4	A2	64	87	64.0	2082.0
2328	A11	A2	64	87	63.0	2304.0
2329	B7	D5	64	87	279.0	949.0
2330	D3	B6	64	87	423.0	7150.0
2331	D3	D4	64	87	73.0	724.0
2332	E1	D2	64	87	380.0	866.0
2333	E1	D3	64	87	347.0	663.0
2334	A2	A10	71	87	77.0	2285.0
2335	A4	A5	71	87	91.0	2383.0
2336	A5	A2	71	87	97.0	878.0
2337	A7	A6	71	87	99.0	1446.0
2338	A8	A11	71	87	97.0	1672.0
2339	A6	D1	43	88	296.0	5386.0
2340	B3	B4	43	88	31.0	582.0
2341	B5	C3	43	88	441.0	4234.0
2342	B7	E3	43	88	95.0	2385.0
2343	C1	A10	43	88	221.0	892.0
2344	D4	B7	43	88	300.0	7399.0
2345	D5	B2	43	88	494.0	7191.0
2346	A3	B3	50	88	710.0	2679.0
2347	A8	B3	50	88	608.0	2544.0
2348	A9	A3	50	88	95.0	1045.0
2349	A10	B5	50	88	727.0	2952.0
2350	A11	B2	50	88	748.0	2909.0
2351	B2	A8	50	88	364.0	1036.0
2352	B3	A10	50	88	352.0	1200.0
2353	B5	A2	50	88	384.0	1368.0
2354	B6	D2	50	88	359.0	815.0
2355	B7	A8	50	88	434.0	1328.0
2356	E1	A2	50	88	39.0	717.0
2357	E2	B7	50	88	108.0	7613.0
2358	E3	A1	50	88	30.0	1425.0
2359	A4	B2	57	88	731.0	2573.0
2360	A4	C2	57	88	519.0	3489.0
2361	A6	A3	57	88	96.0	670.0
2362	A7	C3	57	88	649.0	3410.0
2363	B1	A7	57	88	397.0	1458.0
2364	B6	D3	57	88	394.0	647.0
2365	C2	A9	57	88	272.0	1153.0
2366	D2	E1	57	88	268.0	1972.0
2367	D3	E3	57	88	238.0	1812.0
2368	D5	B7	57	88	497.0	7158.0
2369	E3	B6	57	88	114.0	7836.0
2370	A1	B4	64	88	634.0	2922.0
2371	A7	A2	64	88	55.0	1802.0
2372	A10	A2	64	88	77.0	861.0
2373	B3	D2	64	88	338.0	538.0
2374	B3	D3	64	88	325.0	781.0
2375	B7	D1	64	88	201.0	589.0
2376	D1	A2	64	88	133.0	314.0
2377	D1	B6	64	88	414.0	7442.0
2378	A1	A2	71	88	90.0	517.0
2379	A7	A5	71	88	54.0	1520.0
2380	A8	A1	71	88	62.0	681.0
2381	A11	A8	71	88	93.0	655.0
2382	B4	B5	71	88	34.0	933.0
2383	C3	C2	71	88	49.0	760.0
2384	A4	B3	50	89	609.0	2707.0
2385	A9	B1	50	89	662.0	2732.0
2386	A9	B4	50	89	734.0	2587.0
2387	B2	A6	50	89	335.0	1186.0
2388	B4	A5	50	89	333.0	1173.0
2389	C1	A2	50	89	216.0	1169.0
2390	C1	C3	50	89	36.0	922.0
2391	D1	B2	50	89	444.0	7432.0
2392	D2	D1	50	89	66.0	652.0
2393	D3	D2	50	89	98.0	619.0
2394	D3	D5	50	89	75.0	856.0
2395	D4	B6	50	89	316.0	7028.0
2396	E1	B7	50	89	118.0	8358.0
2397	E2	A1	50	89	32.0	1144.0
2398	E3	E1	50	89	46.0	963.0
2399	A3	B5	57	89	661.0	2509.0
2400	A6	B4	57	89	649.0	2650.0
2401	A7	B2	57	89	696.0	2794.0
2402	A8	B5	57	89	671.0	2872.0
2403	A9	A10	57	89	61.0	2273.0
2404	B1	A4	57	89	399.0	1002.0
2405	B2	D2	57	89	378.0	737.0
2406	B2	D3	57	89	300.0	524.0
2407	B3	A2	57	89	316.0	1270.0
2408	B5	A6	57	89	423.0	1498.0
2409	B7	D2	57	89	250.0	573.0
2410	C1	A5	57	89	274.0	781.0
2411	C2	A6	57	89	371.0	996.0
2412	D1	E1	57	89	363.0	1723.0
2413	D2	E2	57	89	263.0	1919.0
2414	D5	A1	57	89	175.0	375.0
2415	E2	B6	57	89	125.0	8013.0
2416	A1	B2	64	89	704.0	2514.0
2417	A4	A1	64	89	51.0	1574.0
2418	A6	A10	64	89	76.0	2383.0
2419	A6	C3	64	89	525.0	3034.0
2420	A11	A1	64	89	74.0	1138.0
2421	B7	D3	64	89	270.0	531.0
2422	C1	A4	64	89	272.0	1122.0
2423	D2	D4	64	89	81.0	706.0
2424	D5	B6	64	89	331.0	7342.0
2425	A3	A2	71	89	58.0	1195.0
2426	A5	A1	71	89	85.0	976.0
2427	A7	A9	71	89	81.0	1463.0
2428	B2	B1	71	89	33.0	681.0
2429	C2	C1	71	89	42.0	831.0
